2505
-4522
-476
1022
-3380
2036
-4162
-1240
-2733
3808
1616
1717
2238
759
-2313
4706
-1317
-1824
2864
3468
-4448
-1885
2936
-3652
4536
-2319
-257
-1203
452
2132
-1828
4395
3795
1780
-919
-38
-2484
1874
1726
2528
-2856
-4187
3595
896
-3123
-3714
3391
-3964
-4460
2122
4214
1046
-2324
4965
-2560
3515
-1256
-459
-4356
1052
-1517
1578
339
-4733
-2668
-1
-2911
511
1628
3101
-4675
-4637
3084
-4595
1306
3489
532
3160
3799
-4194
-842
-4467
-4095
4738
-2071
-595
1880
-2689
-182
-3081
-1970
4476
316
-597
3548
4765
4368
1565
-97
2752
-1056
-56
2783
-4090
-1899
653
-4815
4427
-3848
-1849
-1550
-2987
-2635
-2341
-3581
4773
-292
177
1685
1853
3586
761
4042
4431
2180
-4019
3963
1709
-4149
1106
-3369
2610
4603
-1271
4888
4107
1669
1864
-4206
-3964
1645
-4624
-2667
2731
645
1738
3890
2307
-2056
3635
4011
2376
2788
4866
-462
3801
3614
4530
2739
2279
-4023
4448
718
2456
-1775
2931
4428
4312
-3790
1666
-2461
301
-602
1110
196
2150
-437
-1986
4642
-528
2994
2777
-1875
-588
-4780
-4844
204
4223
1103
3951
3513
-2433
2590
3006
-41
3287
-1241
-4791
-1426
-4896
3166
-1120
983
-2707
-4297
1919
-3405
-3079
-3703
4058
-1755
-2561
3661
373
-2736
1509
374
-4701
-4309
-1851
-1126
473
-478
601
2478
-4579
2998
547
2897
3520
-2444
4903
383
-4826
-3966
-1978
2981
-3026
-682
-3048
100
-4846
-2607
2564
-3538
2637
-2440
-3569
-3346
4387
4852
-209
1524
-3022
3247
4538
-130
-4141
-3857
576
770
-387
-704
-1262
-1049
-1914
-855
-2771
-2684
1799
-4288
-4425
4288
2107
-1255
-3099
4969
4419
1273
1718
-2096
-3639
-710
3248
1105
2095
-521
4789
1712
-2332
1127
1521
-3025
-4622
3862
-1885
-3108
-2089
1503
-1403
2439
-147
-1258
506
-4735
-4536
-2223
-3212
2689
2108
-329
-3441
3344
3257
-1871
-3187
3332
612
1709
4206
1561
-2797
4129
-4053
2651
-3948
1308
-1600
1489
938
3000
-4572
2675
-811
1484
3238
4844
-2018
-802
4869
-3158
4412
341
3836
-1422
-2379
-4435
-2839
145
5
3700
-3207
253
3156
4929
2369
59
-2377
2836
235
1033
-4507
-104
-3429
-4965
2356
4053
2461
-3389
4448
-4301
4782
-2439
3671
-3143
1731
-4582
1332
-2125
-2983
317
4645
-2767
-3766
-2111
-309
-1044
3897
914
-4321
899
-1526
-3830
2699
-2684
3105
3924
-1332
1143
3221
-3717
-126
3348
2913
-4719
-3183
2741
-3561
3853
-4537
-443
1
-756
-2934
2312
-4347
-2809
-1395
532
1332
997
3871
3437
-2144
-3817
-1855
-785
2152
2289
4322
-588
3617
-2007
3977
3557
3650
4376
4973
-1955
1612
813
1972
-246
-1996
433
551
2476
431
1829
3534
-160
2441
-1609
-4291
1638
-1103
-3356
42
-1539
629
4439
1226
4545
69
-1665
4968
-325
1831
4159
1889
-2729
806
-3377
1967
-189
-3433
-4768
-1345
3
363
-4835
2369
2017
1082
-4707
-3220
1025
4178
-2588
-3477
-893
-4933
1657
840
-1966
-3514
3395
-1181
-2423
-3214
2492
1008
837
3946
136
1194
2758
-4258
4254
-1929
2559
1357
3029
3354
925
-1012
-198
1247
4996
1317
3885
375
2292
543
-2276
-4080
-2598
-2602
1895
-3233
-3709
1703
4867
-515
1676
-1445
-3046
236
-4186
589
-2961
-2652
3269
2697
-4849
462
-489
1874
1411
-2036
3569
4336
-4110
1026
-1196
-667
-3709
-4490
3455
-1349
2145
-3344
-3730
-3397
-2969
2733
-4752
-2292
3514
-3370
2103
3511
4358
4488
-3991
-3325
625
3264
2131
-2751
-1893
-219
124
-1818
647
-1439
119
1376
1811
-2291
3539
295
-2189
-3959
4045
4610
-2307
1317
1973
-765
1677
3342
814
3648
520
-3240
-1426
-4449
1085
-2972
2661
-1555
7
-1985
-4069
2587
-2032
-3256
3954
821
3136
-3365
-2629
1504
2211
1838
2644
-3568
3816
-4329
-3265
-253
933
4696
3853
4334
-4392
-1560
1081
-1822
2505
-4449
-1918
-2359
955
-706
1840
-3741
-2239
2665
-1576
3432
-963
-3662
762
-1367
3875
-1789
408
-4440
-4947
-3176
1745
4384
-3464
-3114
4603
435
2315
2652
1422
4894
2823
3141
4205
2283
-3350
1894
-1280
1346
3294
938
-2803
204
-3730
-2152
-922
-2809
-55
-1827
3547
1423
2655
348
-2704
2463
4424
-4161
457
-3661
-1884
1960
-1471
1961
-3571
3112
-4758
-1276
-2903
2827
-2369
3773
-1349
1551
3942
4422
-4087
591
-463
-468
840
720
-4653
-4727
-717
-2745
2352
3298
3835
-236
989
1252
1096
4944
-1770
-1018
-2818
-4562
-4738
4811
4635
-1119
4401
-1690
-3460
-1126
4246
4106
479
-4004
3248
-1651
-2909
-81
3700
-567
-3060
-1876
-2508
-4897
3059
3531
2730
2424
298
-4825
-1200
-615
1933
-4629
-1796
1314
2772
4764
2874
4931
-3483
1506
-4927
1547
-1626
1699
3383
-337
-528
350
4336
-1660
399
-4879
4994
665
-3466
-3208
-2188
-3613
543
-3005
-1020
2134
-112
2162
-3864
-275
3177
4383
-147
23
-2662
-4984
-197
-4594
-2638
4536
-566
4997
-1422
-3614
-1251
2941
512
761
-2388
4084
-329
-2306
3567
-2565
-2693
-3482
278
-2686
-3078
3351
2295
-1086
3598
-2784
4255
4294
-1217
-686
-4727
1783
2534
-1521
3020
483
-4307
1470
-2194
-2167
-4287
-2601
-905
-3004
3129
4817
1648
2210
4177
-1498
2682
-577
1279
4559
731
4355
2054
4417
2420
4
-4279
-1212
-882
-2967
-4809
540
4370
-1203
-3116
2054
-1705
-1892
4489
769
-4842
-4835
-4222
2806
2570
4252
-2331
3845
-1692
-2749
-365
3901
-4790
948
-2634
-104
-4129
422
2586
-1999
2638
1193
808
2563
-2352
4247
2973
-2929
-371
-4710
-582
-2247
2543
-4748
1685
-4592
-4814
-1697
-3492
1192
-1673
2273
-4519
-2554
2824
-773
673
-3465
-3002
-1394
1991
3005
318
-1317
-4914
3559
-3990
2710
2603
-4292
1715
-3370
553
-3548
-1340
1132
2021
-4141
-2886
909
4490
1875
-2040
2813
-2121
-1651
-313
-3094
-4132
2915
-1877
1122
1860
-2867
-1360
-4846
-3620
-3698
4563
-2707
-1518
1538
-1603
-3803
3081
-1274
4602
3096
4776
84
-1784
-966
642
-1046
-4309
3083
-3008
-266
1357
4901
2778
1536
-4205
-1627
342
4292
-4102
-4861
-1897
-1078
1296
-209
-3146
1428
304
4858
-3106
435
-4779
-2450
3025
2647
-2145
-565
-3384
4193
-4172
-2016
-3528
4902
-4803
-1438
2224
4834
2929
1627
-1697
1334
2368
-2270
210
2529
-443
-3886
-3637
-1082
1375
3690
701
4975
-4727
-415
2644
-4354
4132
628
4898
-996
2710
4542
1683
2224
1244
-2989
-894
-3779
-4645
4904
1492
-1256
532
1170
-2174
3013
-682
1961
149
1437
-3314
2889
-2214
-4418
-2903
3222
597
4831
4330
-3431
-1983
750
22
59
-763
-3575
-1331
-404
67
2693
-4733
3552
282
526
3788
1016
2731
635
2823
3417
3816
4813
-3343
-3318
4680
2692
-918
1007
4424
414
-907
-3555
-3300
-2515
-4600
-4870
-1150
-2748
2372
1266
2967
4222
-1858
3096
-2813
-1366
4380
2615
-2608
-1609
-1925
2388
-1608
-264
3373
2803
-1348
-2763
4592
2226
4065
-3826
521
2661
-1932
748
144
-1217
-1730
-3579
-2811
4233
4451
3771
4800
-4285
-4379
-1501
-4778
4452
-2731
3565
-585
-2224
-3671
-828
-4699
-971
-4599
68
-81
-3311
-3228
-509
-2357
-2364
1968
-3074
-2126
2958
2286
1009
340
-3323
3915
-4014
-1315
1588
-1694
2730
-2688
1219
-2449
-991
2287
-273
3567
-2283
-4243
-425
-2540
1783
-3654
4434
3413
-3038
3102
3264
-4543
4664
49
171
2228
-3125
3254
-2263
-4430
1909
184
449
-4016
1333
-2627
2344
-3726
3959
3335
567
2751
-1746
-1047
1371
-4624
-2272
3943
-1576
1512
-4466
1814
-3398
1774
2847
-1326
-2310
-3275
-2280
2702
-4918
-388
2378
-3018
-4579
3889
-713
-2431
1190
-3535
-14
1043
3275
-4789
563
-3858
2901
-2030
1652
4056
-4265
-319
-3476
-233
-135
-647
3557
1401
304
2005
-2181
-1647
-421
-1217
2035
635
3421
2299
3205
-1967
3234
-4383
-4328
-3834
-3361
-4952
-3591
1103
-709
-2050
-1817
4354
-3660
-2156
1375
-490
4063
-1978
-1553
3562
-2976
-3720
-4328
4354
3490
-2324
2837
1883
1363
1073
-862
-304
-3201
4997
1819
-4459
792
4682
-4493
-4143
-2769
3895
-642
-3656
3073
-1963
-3221
-3402
-351
-278
3729
2856
-2802
1795
644
-2667
-4239
-3495
1012
-646
2709
-2554
-2429
-2766
1010
-2766
-1903
-1612
-2472
-2906
806
-1706
1573
-4975
-965
720
-3500
-4536
-219
27
-2958
2872
2095
1785
2318
-2696
-2318
1006
1788
314
2564
-981
3333
3232
-3141
-1333
-2881
-1669
2924
455
2773
3998
-1707
-3484
-3645
-4271
-3918
2604
-3504
1890
-2480
3626
-2889
-619
-260
1791
1012
3756
-3209
-783
-1608
2770
3993
-4029
-4023
-4734
206
-2224
-2950
661
-1439
-2863
306
-4697
-3068
494
187
4891
-1159
-2671
4009
1301
-3856
-2218
-476
-3755
-1570
3390
-3100
-1484
1654
4515
-3095
-2010
743
1542
4964
3503
-2559
4116
-2794
3091
-4332
-3801
-1549
-906
-4040
2201
3377
3090
-4221
-365
-1277
3190
2602
371
237
2491
904
-2932
-365
-862
-1708
-2009
658
-2119
4385
-3608
-2389
-3171
-4137
1259
-1448
1146
-582
-2419
-2788
-1699
-2284
3191
2123
2714
2020
-3771
-1214
-951
66
-4811
-3147
3420
3085
-3493
1636
-2421
2051
66
1401
4000
-1395
1644
-448
4751
-1531
874
1955
4429
2500
-2473
-1759
2370
-2164
-3938
-1925
664
991
-4579
3611
-2573
-1061
4177
3937
2075
578
-2815
4235
2068
1930
-4762
2815
-2497
3789
-1177
-1351
-487
4078
-2268
-1140
305
-4087
-3975
-1913
-3321
3685
4178
-3259
-1696
2074
-4483
-1264
-4154
4329
-3670
916
-2932
1964
3647
-1300
351
394
-3975
2155
-1799
3127
-531
-24
-3201
-570
-1331
-4537
-3271
-3364
2214
1568
4130
4739
3509
1391
-1275
-4873
3946
-4345
-3305
-80
-3371
-3837
3044
2733
3916
315
-3038
4313
-2786
-4673
3602
-2563
-3614
3987
1445
3058
-3751
2215
-422
-4079
1347
66
4485
265
-771
3898
-4276
-4389
-2153
2755
-2725
198
2596
18
3031
2378
-1893
-2788
-3552
1259
-1638
3616
2463
-380
-3542
3997
-961
-635
3549
4945
4408
3531
1476
192
1414
-101
3341
-1731
1848
4698
2682
1224
-3484
-116
61
468
-1160
-4233
-417
-316
1436
-4845
3904
337
-861
3248
1320
-1398
-1247
2724
-4
-1399
134
-1184
-3715
-3698
3511
4221
-1990
-534
-4418
-1784
4197
-1574
-3192
920
-877
2238
-3940
-4088
-3315
3301
-1444
1893
564
-4521
-3772
-3691
-1215
-4817
-3217
-3758
1162
-4558
-3800
-2958
-2351
-256
-3202
-2716
4518
3030
-1583
4233
4637
2590
3433
-643
3098
4884
-1017
4545
-4775
3333
2834
4166
-2086
-4314
4355
4503
-2471
3870
-1811
3251
4076
-4271
1667
-1210
-3899
-1574
2958
4676
1575
821
3766
-2415
-3098
4150
1693
-4800
-569
2537
-1765
2325
-3977
-1497
772
-3607
-4713
-3183
-2570
-3014
3476
4493
-657
-2756
-811
154
-3157
-1743
-739
2993
-1894
-2000
-2639
378
3056
-1420
-572
4632
-3641
404
1693
-1934
-3409
1450
2394
-3953
2021
4275
-4642
-2739
-3071
1666
-555
-738
1609
753
3401
3008
4131
1909
877
3448
-808
-3220
-4490
1354
-1740
-4186
-4758
-4985
3274
-1123
4624
2531
2885
3299
-2857
705
-3095
790
2451
4766
-4713
3763
3666
327
911
916
1500
-4792
2368
-3001
537
-446
-4613
2189
-2452
-1864
-2042
3290
-4611
3399
3292
4640
-3515
-1
-4943
3891
450
2994
4435
2233
1978
375
1037
2288
3565
2251
2309
3995
2307
2646
-2459
2187
-476
-1963
3591
1846
3846
-326
3353
-3882
-4287
-3252
1999
2928
4447
-4229
360
-2785
911
4372
-4775
4462
8
-4115
342
-337
4651
2879
3167
-4374
4177
-1955
4423
-2924
1811
4629
2447
-853
2793
-2751
-4751
-3140
-3878
4634
4489
2162
1074
907
-1666
4476
2881
-3843
3950
-3639
-4144
2052
-1609
-1694
3727
-3579
386
-3500
3322
3554
-1895
-1416
1194
900
4121
-4447
-569
4052
35
-350
2267
2470
-3139
4265
66
-1598
1894
268
3454
-1152
-4106
1630
215
-625
2723
494
4623
-3181
2576
829
-3917
3193
1040
-3094
-899
1479
4712
-837
-4986
2693
-1613
-2470
2538
-3134
63
2330
3092
2837
244
2100
3720
3569
-2491
3442
-49
-2125
-881
-4937
4477
3195
-2754
4138
-1394
-1131
-961
-1555
-641
-3005
1360
-3746
-3030
-1959
276
-1367
1929
-588
3986
-3497
-3989
-3737
3549
4824
740
-4316
-705
9
-2370
3908
-4226
3857
4430
-4285
224
2766
-3295
2475
3723
4695
4582
107
3525
-899
-1163
4483
-950
2755
-1476
-945
-2324
1815
-293
-4194
4837
-1460
-2555
398
808
4773
2039
-1195
3685
-4160
3573
-3762
1851
-3651
-3104
4382
-2425
778
3156
-29
4603
-4996
4269
-4200
-1702
-2292
505
2903
-4800
-3892
-3336
4668
-801
1412
-4175
-4751
2580
3181
1807
-4629
-2921
4600
4600
-3456
1
3900
317
-2924
1800
4539
1501
-1153
-522
3360
1941
1228
3064
-4872
4818
2800
-2494
-1974
-4073
3093
224
4067
4522
1763
4759
2994
-920
3498
-3463
-947
-1879
542
1640
974
-2290
4239
1250
-4834
-361
915
-2998
-4307
-1951
-4109
-4265
-2053
4621
-4145
-2506
517
-4565
-3618
-53
3503
3365
2231
2533
3898
-2888
-4475
271
-1645
3277
1338
-4206
1384
-713
4163
-1368
727
1076
2164
-4293
-603
-1914
256
1820
3672
140
-1018
-3776
3570
3817
-1733
3461
1274
422
-1647
-4302
-4631
4387
593
-148
-1747
4312
4058
3300
3645
1882
-1515
-4210
1466
-2102
1668
-3795
542
-1225
3015
266
-1739
1955
-2725
4356
2468
-573
-3120
-2959
-3270
576
-523
1234
-4543
1707
-1135
-3068
-239
3310
3521
-3101
1026
4653
777
-2215
2011
-773
1241
-476
-1252
3880
-3362
1910
3348
-1352
3681
134
-1200
-1969
2304
-2844
753
-1607
1063
1913
4329
2998
1915
4412
-1551
2674
4963
4577
-966
1235
-4941
3229
4062
2187
-10
-1387
178
-770
-1897
3411
-645
-3139
-1012
-2934
4409
4080
-3152
417
84
-4669
-1029
2507
466
-2569
2161
-1528
1475
121
2324
1508
281
320
4982
125
4087
-2000
79
-702
724
-4613
-3098
134
3708
199
-3360
1924
-3788
4155
4195
1581
-4200
-3341
3030
141
1634
-4861
-3417
-1173
633
3287
-4888
1455
4772
-1767
-1657
-1090
-135
1516
104
-48
2839
1173
-3535
4643
3308
-278
-2142
-4040
1124
-1277
2910
4379
2367
-116
203
-2351
-2307
4252
3138
-2038
2328
4272
2707
421
-2306
-2783
633
-893
4746
-2220
-3979
2371
670
3072
1770
-2339
-1665
3274
3476
-1670
-1539
4172
837
3104
2622
-3340
1502
1212
742
-232
2390
-472
-4668
-1736
2778
-100
-68
-3460
4737
480
-3844
-1748
-309
-4048
-1970
206
-4890
-1704
-2407
-70
-3908
-1857
436
-2374
-1684
-272
4264
-147
-2445
2754
2657
-3557
4551
-2518
-895
2098
-3808
4119
-4991
3902
-4109
2395
-4523
3240
1324
1193
-870
-587
2504
-3143
4382
-241
2445
-3991
2828
1218
-2298
-4578
-3133
-3332
-2898
-1624
-1805
807
-4616
-77
-3741
-1213
4281
-3239
4417
1548
-1549
373
-4185
-2357
-450
4739
-1498
3432
965
-4140
-814
-355
-1061
-3075
-582
2790
-1816
-1442
2162
-3883
2259
-1968
2655
738
-4370
-920
2878
-4497
4361
56
-751
2553
628
-1019
-1561
4666
4564
-717
-4425
-1748
-2639
1868
3017
-296
-1654
-4513
1873
525
4069
-3835
248
1724
3063
1119
-1239
-4785
-580
-2244
-667
-3286
3956
1447
3860
1001
-4630
2028
-4775
2841
-2174
-4309
4784
2500
1775
3765
2166
-3164
-3186
-2284
3397
-472
2962
-2729
2859
3860
-2035
-214
4582
-254
679
-652
-1042
-2873
-1186
4394
2191
-2255
-3237
2625
-1055
3852
4029
-2575
2102
-236
2468
-3676
-1105
628
-645
-2898
-2981
461
115
4423
-2995
1906
4425
-1037
-4055
1040
-2429
-3101
-2789
-3861
3148
-1355
-1051
3700
4201
2438
4035
-3753
-2153
-4585
1691
-3392
-3853
4797
950
-4547
-2474
-1662
-4250
-4337
-2741
-2214
-2556
-3830
-4545
-3984
3671
4636
4115
2206
-4942
-3446
144
-1717
-3030
3318
-615
3503
-1150
1837
2838
-2189
-1018
-2019
-1790
1155
-1215
4099
-3598
4069
-1669
4482
319
-701
2354
-496
2739
-3837
-2941
-3622
2557
-2519
-2571
-4120
-832
66
-557
59
4862
-4399
3940
4467
-3940
-633
2921
2909
-77
4059
658
1114
-3421
1337
-3155
-4709
-285
3191
-3108
1383
3689
-3422
1249
-1393
66
2599
361
2713
1471
2365
1139
2984
3373
-2880
-1028
-2435
4031
1113
-3464
3943
1114
2360
-786
517
-3715
3764
-4672
-1540
2378
-3575
-4634
-1835
-2906
32
1910
3838
-2727
-500
1458
1104
705
-192
1679
-64
-2070
-3105
3917
-2977
-3838
-3045
1143
-4068
748
2207
-2423
-2310
-1484
-1176
-1511
-2084
-935
-34
-3180
268
-2836
1552
-3754
3163
996
1101
-27
-4446
187
4879
-310
-41
-2712
4130
-4755
4620
-3302
-3901
-3844
1394
3821
-4893
-4841
3867
4764
1803
-3173
4460
-1212
-1655
-2646
129
641
-4296
1587
-3270
-2953
1134
1027
-3309
4959
2510
-2888
-398
2972
4702
1774
2185
-1143
4036
776
-3972
2625
1353
412
-2484
2698
-689
2811
-1374
-514
863
3147
1543
3368
2283
-2524
-2944
4536
1202
403
3927
3315
4337
-3714
2100
-2774
-2569
-4331
-3702
1940
-4175
3057
4462
-2149
-1132
1276
4675
-3087
554
-2900
833
1228
-2557
1165
-1036
-203
-4660
-1974
1712
1049
-2179
-1000
2449
-1478
4189
-3761
3153
-2075
-2448
-682
-4381
-3952
2544
842
2509
-400
-3399
810
3458
3636
-1970
-2414
-3
-1518
714
-2269
4538
2908
-4783
-3973
-2914
2175
3029
-3210
-2809
-3512
-540
-1888
-1235
3474
1102
1941
4168
-1056
-1868
72
2475
3635
-3956
-4884
-3410
-679
-1311
3074
-3126
-621
-2793
-496
-434
-1998
1069
2730
1390
13
-3141
-2480
187
-4607
3035
-2924
-2339
1141
-4316
-618
-68
-4056
4817
-4082
4863
2138
4592
-859
-5
1428
998
2480
-2387
3108
319
4905
-4413
3257
-2524
3964
-3835
-3032
2453
-2628
3153
-4279
-922
688
1428
2545
4727
925
4020
1948
-934
-2368
-534
-2186
-3911
1128
3869
-2313
4224
-4034
-1607
777
-3962
1587
831
-1369
-4935
3700
550
2180
-2505
-2932
-193
-3964
-2391
1846
3702
-3765
-2694
109
1492
-4448
-4011
2579
1234
4398
-436
-1398
-2888
-681
-955
-2046
-669
-2075
4895
-112
-2892
1647
2514
4887
4997
4996
-652
-2875
1511
3623
-1512
-867
-2104
-1641
4162
4460
-1856
841
-2907
-614
3514
-3148
-3907
2048
-3873
1785
2248
1120
3245
-3955
-2370
1397
2071
-4011
-4734
-2264
-3065
1085
-3599
-3573
-1793
4517
3112
-3658
-4964
4072
-4366
-3491
-2789
-630
1902
3114
646
-275
2911
-1636
4151
-4976
-4531
-4901
-1027
-2491
4376
-154
284
637
1165
-3781
-3441
-637
3106
-2285
-4631
-4303
3883
1160
968
2451
-2321
899
2971
774
1044
1302
3482
748
-2458
4723
-4108
-2416
4375
-297
2374
1392
-2447
2519
-1545
2747
4567
2837
241
489
-2294
3567
-3751
2081
4918
-620
960
3083
-324
-733
-3166
-1837
4267
-2557
-1285
-2954
936
-2391
937
-1651
-1764
2841
-819
-2829
44
476
-2149
1892
-876
-167
417
772
829
-701
-3499
265
-3122
-3488
-922
-2074
-498
-3390
-4939
3764
-1145
-1837
-4276
2127
-3978
1441
-3060
-3253
-881
-3276
4469
-3390
2622
104
-882
-3589
-824
2332
-1628
-1417
-4176
2837
431
3419
-1435
-3313
512
4021
392
1778
-1161
-4034
-4196
-4995
1698
3595
1766
-3151
-3841
-4849
404
-2292
4226
-3648
-4294
-3807
4962
4516
1575
-4783
925
-4760
-2618
-2280
-3060
1996
769
4486
-2286
-3105
-3169
2168
1518
-813
-4546
1794
4399
-3763
-2900
-532
-4569
1515
1407
-42
584
338
2133
-2599
-37
2226
-2123
1804
-3632
-4312
2724
-1376
4384
3825
-4892
-2408
4894
-2490
4119
4424
3612
-3911
4529
-3383
4025
-519
-2357
4741
4904
2325
2260
-2666
1980
-4245
3442
-2410
4607
-3940
2502
3682
-3934
-3634
-1762
-4576
4175
-931
-412
-4806
938
-97
3315
-1610
4966
2610
-2903
1139
-3645
-2603
-4040
546
197
-2208
4775
1678
-2079
4352
-3770
2378
896
1475
1263
-4954
-2810
-2548
1639
-1986
-1284
4580
-1661
-1025
-2039
622
3384
2485
223
-4652
4363
-3578
-4062
3187
-3641
4869
-4780
2640
-900
-4187
4907
-4731
-4332
-198
-509
-964
322
3485
2880
-3241
2164
-2228
4556
-534
-2873
-149
-2657
1542
3433
1515
381
-3646
1897
4197
3273
-4712
-294
1316
2871
-3559
1767
-2484
-1026
-2050
3553
-1222
3964
-2036
3764
-838
-1052
-93
1688
-1969
4339
-1709
3858
2835
465
-3748
266
4955
-3982
144
3000
-779
2028
-2985
-984
1553
-4413
-337
3308
3497
-1681
4686
3649
-4561
-1665
-1658
2537
-623
-3625
2131
4951
-2453
3973
3604
-422
-726
-3902
-1949
496
4840
-813
1907
1388
-1959
-689
-2187
4227
-2655
-5
4551
4304
2719
785
-1350
2375
-966
-4752
-1858
118
583
-1668
-2804
583
-2572
-3162
3391
-4718
-2524
-3034
1520
-4609
-1144
-1132
-3027
-1062
-3994
-1193
1702
-4945
-2360
-2107
-2749
3013
-413
-1272
-1963
4087
-1582
1330
-4056
493
-4097
4887
-991
-535
3086
377
1514
-2675
2342
-3391
2055
2858
3837
-3975
-396
-1580
2575
487
-4435
2913
-3686
-1373
-3335
-4096
4728
3209
2868
-58
-966
-3414
4952
-781
1870
1421
3863
-685
-4259
-3789
-3288
2433
-3916
-2696
-4677
1350
-116
3045
1275
223
-536
-2221
-4545
-2627
-1509
4026
4412
2469
-717
2983
-1157
2168
4134
156
4594
3149
-2985
2705
3490
249
1909
1688
3645
2113
2673
1806
1041
1846
-2279
-1683
-778
2304
-3034
-449
4624
758
-2482
3918
-3888
4824
3959
-1898
-1555
1920
-791
-1653
587
-1235
-4913
-937
-1946
-4257
-390
-1524
-195
-2383
545
-1017
4909
-2017
-4280
4245
1657
-1287
-4068
-576
1331
928
2409
-1214
-4326
2414
-3688
1147
3568
-3678
2409
1613
-1066
2712
248
-4637
-4762
807
4319
1906
812
660
792
-1320
275
4389
-4419
-543
1480
-4177
-3009
2729
-4323
1248
-2305
187
1708
2569
2667
3064
-4619
-1037
-760
4868
4870
-1773
-2279
-3318
-3433
1096
-3638
-3713
4287
-2608
-4501
-3180
1606
4923
1324
-2715
-4153
3479
1778
3502
-1903
-3958
-1661
-4402
3308
-3138
-4445
4755
-3197
-2313
2188
3925
-735
240
1811
447
4412
4628
-3027
-2681
4937
8
-194
687
394
69
-1175
-4396
-485
-2381
-359
-4524
3109
3233
1530
3853
1724
-2910
-4203
-3904
-756
-3903
2855
-2845
-37
-1035
4109
-1226
-4710
2687
397
-3042
1742
3376
4932
-147
165
-4008
3128
-701
3223
1353
3529
-4194
1195
-3878
1769
-2404
3986
-2009
4692
4225
-1564
-4250
-3682
436
4358
-3260
-2008
-4348
-1563
3342
-753
-3800
-942
2956
-2367
2819
-1495
-2665
4540
2454
3151
-4388
533
96
2295
-4952
-2574
-847
4305
-525
-1035
-1540
-4511
3945
-2939
-2550
-505
2547
-3046
4187
-1216
4005
4005
1256
889
-3216
-3846
116
1723
-1017
-2085
2913
-121
-2433
3378
-4306
958
1840
2362
-1186
126
-1592
410
2580
2421
-2257
1712
1386
-2013
3301
-4282
-4943
3456
-1369
4980
4947
2599
-2064
3554
420
3006
2380
711
343
1251
264
-1549
621
-2188
501
3477
2904
-4037
-1972
-4406
-4371
-716
-1957
1475
-2600
-307
-3539
-1311
-2150
777
184
-1728
-4051
3904
112
109
1368
1319
4585
3429
-3331
-793
-2694
2892
-2624
-3779
4332
-4665
-205
4718
1505
118
-3556
-4236
-3758
-1343
3896
-903
369
3086
776
2926
1389
3372
2442
1321
-2780
2272
1491
1098
819
1401
8
4168
-4760
4578
4955
2556
232
-3997
-3486
3817
-3219
-2332
212
1655
-1753
2080
-3795
-1429
1428
-2478
-1183
980
-1014
-4274
-1923
821
3504
-4706
1449
-22
-131
1783
25
4329
3576
1288
2099
-1050
-2450
1855
3307
4498
-2685
4440
-167
2769
255
-846
156
39
-2999
-2848
1048
-2753
-1022
-2855
-4821
-2760
4024
-420
-914
1788
2043
-4445
-489
2509
1677
755
1579
-2225
-2238
4526
2560
1324
1398
4693
1072
3832
814
-3971
-2087
3346
-1066
4268
-4414
-3533
-4614
-2336
4728
-3274
-800
-3763
3783
404
4451
-815
-3452
-4918
3291
-2682
-2521
-1270
-3065
-2349
22
-3397
-1668
-4657
3324
-4146
2887
-1949
-760
3150
3726
3579
3714
531
-1899
-2983
1688
4867
2541
2709
4631
4277
-2810
-4107
-2635
-476
-1227
-3243
-133
-1524
-1919
1300
513
-4012
3160
-1029
-1103
-2073
-2258
-4534
-1315
2401
2261
-2480
1500
1251
-2920
-3274
-3569
-1069
-2159
4777
1554
-2764
4859
-3421
-2914
2157
-335
3013
-3892
2872
2645
-1117
516
2617
-1859
-3188
-2221
665
600
3204
763
4462
4559
2607
-2924
-1591
-4362
1692
-4160
2955
4161
3356
-2451
-860
851
1295
1155
-1014
2594
-3143
-4083
-1885
-1769
-2827
548
-1200
2097
38
919
406
2569
4022
375
3577
3952
-2291
-3649
-3210
-2748
3344
-3952
3294
-4319
4835
1034
923
-3835
1196
2904
496
1068
-842
4002
-3631
58
1630
-3579
-4708
-1881
-2498
-2768
-1278
-1884
-1564
-4315
4806
2636
-3122
4256
-2431
-3003
-2188
4851
-144
-1610
-4735
-545
-517
-2781
223
-1984
3058
2131
-2961
96
293
-1342
-4350
155
3648
-2605
4471
-878
4578
-3059
-1998
-1191
4313
-2281
4101
3611
-2148
-802
141
-595
-1387
-1870
4571
-656
2504
-879
2669
-1088
-156
-3813
1801
3737
-4411
2117
4181
2490
1587
3289
534
3489
-1046
-2262
-1773
-2666
1703
1221
4630
4932
796
3362
4463
2658
-207
-2757
-4572
207
295
788
472
-2212
-2598
4520
-2970
1987
-4734
1028
-373
-235
-3178
1404
-1506
-4158
1310
-2708
1053
3649
-3645
3274
-4731
4800
-4219
-26
-4387
-1291
-3464
-2973
2160
-3102
1196
-977
-3595
2279
4440
4574
2253
3778
-1709
-2939
3752
-2319
3102
2738
-268
-104
2977
4185
2499
-2322
4992
-4246
-1465
-1182
4682
-3666
-1395
-4853
-3601
-4721
-156
-675
3195
807
-2072
4375
4514
-2607
2991
-231
-4646
-356
-3536
-574
-816
4574
-3093
-4312
632
1477
-1064
4849
-3228
-1831
-2208
-2402
3488
-3155
2242
536
616
-1292
1539
-2062
-1833
-2624
3285
-1698
2685
-4475
-925
-2917
3612
-100
4246
1756
943
-940
-521
-1292
-3306
340
3122
-1714
-4861
331
-4813
-775
3787
-3001
-1297
2656
809
-4172
1137
3863
-4155
1917
-3616
4369
4316
-434
3130
-4913
-4148
1898
-2640
1667
1022
4936
221
2018
4273
-24
611
3528
-2801
-1900
2324
-1610
-1346
-895
-3542
4598
-3851
-2427
-4589
207
536
818
3101
-4572
2307
-1312
3546
-442
-4209
-1686
-2496
74
2435
4238
4544
-3323
2811
-3400
3232
2068
3389
-3016
-1545
4713
3822
639
2789
-3921
672
953
-2099
-1042
1222
-3227
1776
234
2006
-2896
454
-3850
-311
3406
603
806
1586
2154
1764
-254
1800
2470
-2467
-3530
-622
4219
2225
-506
1486
4
-475
-1857
1054
1510
4705
-3639
-2080
2727
-3924
3896
905
3696
-2061
2242
-4963
2301
2885
123
-2995
4561
-3650
-340
2493
-2490
158
-286
17
-1422
-10
834
-4253
-619
4862
2138
-876
-4961
3190
-717
621
-546
2871
4402
4128
-4299
-4380
782
976
-663
-4397
2365
-598
597
290
4583
-1378
45
2919
4363
1758
-2977
-3127
-3760
-3903
389
2036
1139
3892
-9
-1187
-3584
-1873
-2386
-1053
4348
2944
2723
4702
-177
-1514
4614
1287
-1857
-3525
3739
-3613
3671
-2178
3886
4668
-394
1837
-4681
1566
3604
-1924
1433
315
-576
-4380
-2604
1228
2356
3931
1674
2741
-310
3659
-3185
1508
-3256
4194
-3223
-3115
-3226
4454
-1145
-4747
369
3011
-4642
-3487
823
4978
3727
-3302
-1277
87
-2140
263
-333
3863
4025
-4073
-1724
-4348
-857
3842
-2657
-585
3707
1962
-883
-1575
-474
4659
2070
878
3293
652
4967
-4722
3969
-630
2434
4977
-1463
1056
-4225
3735
1099
-3268
-3567
4033
-438
432
-877
1631
-104
-4132
-4783
-4809
-835
1541
-3390
1455
-2928
2788
1555
4919
-766
301
2848
-426
2074
2026
-1189
-4305
-3318
1028
4351
-3201
4129
-1170
3869
3350
-3926
4286
-2587
3664
818
-4760
-1614
2063
1079
-1816
-2356
2247
2379
2796
1745
4357
1144
-3220
1981
957
77
3431
229
2335
903
-2453
-4220
-4044
3355
-3328
4029
4363
-1217
2754
-2801
1483
536
2378
-4058
-860
2094
-4856
3566
1622
-2820
3982
-2205
-2483
-92
-2324
-236
-4600
-3968
-4509
-2171
3076
1634
-1400
-4924
378
-484
4296
-3181
-4846
-1812
1506
4628
4323
-529
3382
211
4872
4455
3144
-659
736
999
-2624
-2674
-31
3819
2065
4520
-2358
-172
-4493
-2737
52
4737
1840
-526
-3035
1225
3000
1524
-4639
-3803
4066
-4024
-4004
795
495
-3237
513
-4748
-4820
-1893
-3304
1135
-604
-1386
3367
831
815
1869
-2888
-2673
-3588
-1481
-4733
662
-74
4466
-1912
-2330
-1162
-2060
2395
-3554
-2348
3087
-3764
-1281
-3301
-3197
4705
3899
-3831
-1394
3491
-1991
575
383
114
-1371
1467
3880
-3562
-4571
-2416
-847
-1437
2167
-3905
-40
2983
3942
-156
-2554
2660
3083
-1969
4526
2709
-4321
-1859
223
4942
3775
1586
2009
-892
-2184
1157
3004
-1722
-2286
-1303
-4213
-3865
4249
-2060
-3728
-407
-1258
-371
-4183
3416
4589
-825
-4544
-4320
2800
4628
-328
-3397
-320
696
1155
-3621
-4973
3532
-1215
3505
2305
-2710
2370
-1305
-1352
2060
-723
1072
-2336
-1220
2873
-870
-151
-201
-2488
-2547
-3856
3395
2852
2275
-2783
1017
-655
772
-2170
-3743
4194
220
-2915
-3958
3208
-69
2343
450
581
-4982
1517
-2440
2255
-2427
829
4315
2112
-1031
1091
3343
2937
-597
-2125
-3332
-2009
1186
-4190
3778
3838
-446
3556
1261
-3358
4182
3263
1216
-4796
-999
4015
2865
2953
-2159
-3292
-798
4375
2297
4309
-2633
2152
1178
4599
1241
-1487
4213
-3895
-2602
-3379
-3089
3655
-2206
3138
-4247
-3506
4942
597
-3141
-1393
-4333
4297
-2947
2973
-3829
4546
4482
-3856
-2931
4456
1
716
-3485
-4569
1217
2491
-4487
4547
-3728
4871
-4636
3433
-2112
660
2509
4433
-2593
522
-1927
1071
4305
-3696
3190
73
-164
-2205
-1100
-637
-4464
4903
4573
1894
-4223
4997
3698
2959
4306
-4654
708
-93
-3808
-3376
-4228
4240
-1416
2909
-1736
-2785
-3706
-7
-4110
-3338
3211
-906
2222
-3478
2506
3368
-1985
-1743
-2913
-2133
-2489
1733
2524
-2508
-246
3989
946
4704
1773
534
-712
-4504
4737
2358
-4421
-2746
-3578
-559
-2814
-4111
4333
-3764
-3699
2900
-3058
-4417
3866
4206
1042
-1568
-1245
-3230
-290
1018
1959
4158
-3251
-1987
-669
584
-1623
-3682
-4179
-2091
-1018
-2369
1213
3555
1339
218
-2103
2870
3998
887
3387
1808
-3318
108
2465
-4087
-337
-3628
4816
-4209
3191
-1192
38
4966
16
-2470
-1189
-624
331
-4527
-4493
3160
2384
-3169
275
-4423
588
1918
2765
-933
1992
1080
4633
2557
-3721
1446
-2126
-2466
-1620
-4112
3739
2261
325
3828
380
1361
-4776
450
-4355
-549
2040
-3677
3789
3000
372
-3303
607
-1414
3500
-2254
-350
-635
-255
-4698
2316
4031
2968
-864
2754
1217
987
-3110
4438
-550
-2196
-2336
-4242
-813
-4857
-4041
-2899
-19
-1949
-4234
-4784
3062
-588
2946
2295
3851
4320
616
494
-2104
4123
3076
4662
-2918
-1310
-3826
3061
1701
-4239
-2492
-4457
1745
-4687
1826
-4176
-3921
-430
2862
-4033
3706
-4128
2336
3040
-3063
-1179
30
-4770
3488
-1861
1142
-3806
-1386
-84
-3227
-867
-3230
-120
37
3375
-4049
-4238
-3181
-1327
2862
1544
3181
-2635
-262
4125
-630
-3769
-2506
-1868
-428
1456
-3309
2251
2401
2552
3022
-3022
-1312
-3179
-4218
3862
2270
2372
2107
-33
4680
499
-3742
546
-710
136
1861
-2509
-3098
-4606
-153
1259
2785
4586
-315
4578
3175
2997
-456
554
4639
-3879
3479
4056
1656
-4679
1834
-3602
2979
-4993
-23
4761
-757
2181
-286
-3355
-4897
-655
-4166
-4536
2256
-2294
-69
962
-4779
-4197
507
-4689
-3412
-365
-755
-138
1323
-2139
-2447
-847
-1164
1155
3270
4953
-4569
3123
2224
-1203
4082
-613
4117
-1489
-2268
1182
4993
-1109
-4913
-3502
-791
-4315
859
285
-596
-4258
3063
-963
-1819
-1790
1178
433
702
-1486
-2600
-3641
2991
-4103
-816
-830
4900
-36
-142
4887
1868
-3533
4702
-4091
-1106
-4049
3959
-882
4390
247
-4281
-1674
-1860
-3693
748
-184
-395
1028
4608
-2705
-3676
302
-4394
1656
-2055
-2077
976
4961
-1079
-2195
-1458
-3906
318
-2169
-880
-1448
3301
-3032
1229
4802
-4891
-2146
-100
3706
-4721
3091
608
295
-351
-4706
96
-475
-4955
-679
-668
-2293
-4073
2443
3212
453
1123
-719
2890
-2141
3868
1389
-3600
-1459
1834
-3685
-4924
545
2955
3788
3168
3995
-3431
-2335
-3579
1679
1340
-4858
1168
1078
-1097
3512
-2107
-1837
4173
4340
3992
-3503
-2458
-3682
-2166
-3061
-3011
-4949
-256
-361
3665
-3685
3632
4032
-4101
-3834
4885
1150
-2481
-2974
449
2852
4763
-1986
-4958
-2026
-1300
-2993
45
-2011
-4912
-1068
-425
-2151
-4665
-121
3987
-4646
-189
-445
2709
-1510
2350
4845
3845
-3614
-854
4368
3648
696
2819
-2791
-2600
4170
-3615
-1381
907
-1238
26
-4096
4817
1573
1188
-4370
1231
-1615
1512
4993
360
4595
2994
-2758
3363
-1253
-3755
-1548
-4040
3053
4907
-3714
-4268
1068
4314
-2998
2301
-2524
194
-206
2591
2548
-3085
-3983
3332
1767
-116
-427
-4670
2926
2894
-1329
-1746
491
-1297
-4060
798
2988
-4534
-2588
4620
3554
-3165
4196
3367
1550
-536
4522
2212
-4073
2340
-1547
-4559
1834
2285
-4778
2762
-1410
1949
2799
3364
-3326
-3347
-1354
-1049
806
-3747
-2091
-1223
227
1249
-990
4645
200
-2970
390
3579
-2206
2002
-1652
4417
1926
-3240
-1543
-1577
-3314
-2917
-4110
327
2511
-54
4190
-3973
3155
1130
-279
3401
-4745
-4111
-1631
-3670
-1629
-1538
-3599
-2920
-3263
1351
488
2277
3100
4842
-4827
-2360
-2425
1621
4913
4195
886
-1216
-3479
4960
-723
1160
-1033
-4550
-4828
2647
-4596
-2409
4611
3327
-3492
3587
-3008
-682
-650
-88
-1470
1770
-4434
-1911
-960
-219
-1640
1630
-3125
-4212
803
1578
-2347
3202
-3840
-3688
2845
3194
2494
-252
1561
1785
4324
1798
1406
-4614
4186
-840
4926
4955
3252
1769
4574
-1084
-2501
-4101
-2621
4040
3962
-2250
-487
2468
-2126
-353
992
2116
-2934
2115
-2717
-3099
-4617
1006
-3034
-827
-524
808
-3109
-90
-4770
-2769
-4527
-4478
975
2176
1978
-1047
4885
-2562
-4072
757
1294
773
35
1935
-2031
-3896
-3511
4906
-644
-3210
-654
1036
2918
-2421
2815
-4675
1057
-1853
543
-4167
-4738
-998
2782
4351
4748
-3457
2154
1468
2174
-2889
2866
-1774
-4568
-899
4142
-207
1334
-153
3397
4376
-4343
2868
-4433
-2236
-4225
3361
-440
-4457
4958
4923
414
2244
-1540
-3426
1367
3463
4510
4076
1489
3586
3979
154
2295
-4223
-2899
-4060
-3395
1375
4531
3489
-1255
1042
-3211
-3759
958
4609
-1290
4066
3766
-3979
-2321
2546
491
4653
2974
-4353
1282
2220
-854
-3237
1716
1438
4353
3451
2843
-1592
-1056
-2866
2773
3548
1566
-3702
24
-2037
-651
3537
-4253
-1930
1486
4259
924
-4979
2185
-2498
-3797
-2328
-3082
3473
-3582
-796
403
-2242
-2409
-4844
4882
-4963
-2496
-999
-2571
-739
2522
-4499
-4311
2485
4502
3225
-2980
3193
2913
39
-1411
1272
1358
-1919
303
3506
-2943
1240
-4151
3751
-3301
-191
637
-1973
-2083
-4310
-349
-2922
1003
4698
2897
-3145
-3024
4102
-1127
-1704
4279
1887
-801
-1348
3756
473
357
-3787
-848
871
1478
-1453
1763
2338
-2005
-3225
4225
-2807
2429
-2219
4700
-2031
-3816
-584
273
862
2535
-4593
-4214
-822
-4510
-283
-17
-2399
2529
-2850
-3974
4624
4668
4702
2278
3506
769
132
2371
233
960
2995
3432
2590
1894
-2752
3061
368
-4860
2951
2453
-3512
3388
921
1772
1485
-2440
-1823
-1805
-1021
-3081
-3964
-1683
-641
-2668
102
3988
-3035
-2204
-935
4677
-2782
4428
-2880
-331
-2090
-4243
1169
927
4153
-1299
4537
-3989
4510
867
-4054
1532
1668
4895
-1377
2101
1161
3651
-2623
2441
-2438
3986
-814
4463
2742
340
614
222
3825
-253
225
-101
-2989
2117
-4549
540
1120
-2298
-4784
1143
-1053
2017
2277
-2948
-2813
4107
-763
2363
-3272
3388
-2599
-4284
2566
4218
-3354
1018
-696
-2876
1375
-2750
4936
-3544
-3829
190
-4517
386
3906
4208
-662
-1598
3762
-4819
602
4153
142
2480
3069
-2769
3653
-3512
-1966
-1981
-3888
3104
1607
4608
2981
2216
-2929
665
3529
-2011
1326
-4303
-4093
-2094
-895
1401
667
1888
3418
1527
-1039
-14
2313
-801
-535
2590
-313
-4687
-4492
-512
-3684
-162
-4741
-847
-4336
-4232
-523
2303
-610
2950
-2377
-774
-4267
2321
-4869
-4725
2696
-1667
1049
1232
-1563
-4345
-4687
696
-4429
696
3963
3944
4356
-2733
-4378
-4376
3034
4433
125
-1027
4678
4518
-872
483
4731
-2465
3566
-3370
-4815
-1525
-4617
365
-4234
-2093
4320
-652
-4449
3703
-4280
117
-3428
-793
2855
-606
3609
-885
-4849
-2094
-1072
-1809
-2902
-4650
1852
3966
-2509
1462
-2423
-935
-3504
-4932
-2009
3188
2141
-2323
3134
4302
-3196
-4609
-3205
4572
-536
-2836
-1768
4048
818
-4718
4697
2955
434
-1309
4371
4124
-601
320
4279
355
425
-2803
-4868
967
3699
2545
-4917
1537
4447
-3859
-3997
4051
-406
150
-1123
3544
710
-4463
-4725
-232
3662
1146
1545
2792
4756
-2096
2021
4061
-1290
-1584
2650
4171
-2016
3421
2728
-3074
-3733
2153
-1264
-1004
3442
-4333
3419
1989
1061
-707
1434
3136
4998
-840
2584
3539
-1263
3902
620
-2730
-1031
-1172
-1925
1045
-1379
-4822
3642
840
-1030
2089
-495
657
986
4808
4827
3490
-3110
-2302
4169
3608
-359
-41
-58
936
-1732
-3099
2037
-1884
3758
-3580
-4025
201
-843
-4821
2042
-1080
192
-766
4091
2048
700
-3275
-1669
-667
2390
1761
-4961
-1969
1787
1486
2721
3873
3051
-871
2148
-221
4571
2301
2597
3951
1178
-514
558
3541
-1429
1153
2532
363
4993
-4949
3376
-3483
3898
-907
-3062
4365
-4030
729
4624
-4226
4728
603
1143
-2029
-2227
4519
793
199
-855
-4717
-164
1464
-3481
-752
212
-1026
-687
-2781
4286
-3310
-794
202
3821
-4820
-4376
-3939
2226
3261
-3038
851
-956
949
-4234
1774
1279
-1598
-3947
-4636
1864
-2777
3816
1578
-4929
-364
-3157
751
3133
-2649
-775
3603
2029
575
2483
3299
375
-4183
-903
2385
-3145
-3046
3947
-2380
748
-4153
1097
169
1149
4131
4791
-3323
2790
-3386
476
1432
2976
3943
3050
-3185
-690
-3130
3944
-2361
1091
3256
3402
-855
1825
-2640
-4798
-3610
-1939
-3689
-2800
3936
-4209
-4297
4517
3378
4437
-2982
4773
685
1446
874
2299
2369
3412
-1276
550
-4972
3531
-4546
-3951
-4030
1222
177
513
913
4944
277
-1817
3327
-3128
-344
3493
-758
-370
-4261
3245
-3572
1243
57
1813
-143
4285
4805
-2393
-521
-977
-3809
-4331
2657
-1625
-4606
186
-2905
808
-643
1851
4126
-648
-4452
-1572
4464
-2212
3122
-3281
-2377
64
-3787
-3833
2779
-1469
454
-3670
4405
4462
1660
4325
3295
4213
-4596
-2422
-3029
2662
-3209
1765
3373
-1249
2544
-900
3077
4236
-2984
1332
1965
-3842
-3528
4016
-613
4759
-1173
1845
835
769
-3739
-2327
3261
-4690
-2909
-3175
-4690
1786
464
4202
1718
1645
-3918
-1193
4981
3229
-785
-711
3642
-2191
-3073
-3227
2202
3184
943
-4162
665
4151
-4529
-3748
1016
-1495
3129
-3243
-2356
-655
4494
2663
951
-4445
4207
2711
4421
-48
-3115
-1692
772
2584
2541
-3339
1233
250
-2460
-1567
-3253
2407
-278
3405
3798
-1051
3046
3919
3887
1727
294
3570
-2841
3433
993
3474
-3314
-2222
-1588
-2361
-2867
1682
3237
335
4735
-2317
-3809
4788
4205
-4132
4986
-4499
-2795
4631
574
95
326
1108
-2204
-4844
-469
-1673
1137
-2540
4961
3277
3872
-1536
-9
812
-485
2766
-1999
-1208
-1210
1118
2857
-4543
-3128
618
642
-4902
4742
1388
2314
-2971
-1730
-4358
-772
4009
-2403
-3315
-1761
-762
4733
-1360
3567
4863
-593
-1597
-4794
-1819
1649
4958
1702
-3371
2044
-4253
3846
-3368
412
-1236
-3994
-2519
3804
4132
656
819
110
4258
3309
-2952
117
-4353
1377
1374
-1537
-4696
4197
4291
-1374
2224
-1265
-2974
721
-2547
-2016
3038
-2454
1634
1194
1099
752
-1203
-3957
-932
-1871
1799
-4374
2998
2195
4745
-1059
1188
687
-2162
4501
1844
3370
-4509
-4874
-4353
-4660
3306
951
917
-3233
-1394
-1742
1222
2182
769
-3607
1006
-1865
3473
-2266
-136
-4041
-2182
1548
-2413
2304
4421
4895
-3774
4289
3085
2541
1724
2338
1842
-2904
-2076
-3357
-825
-1615
2292
-1840
1029
-3470
-3950
-1629
-1997
-4873
2437
4550
2797
-2614
-1472
-4653
497
-4422
1868
-806
4201
-1816
-1931
-50
-670
-3826
-2549
204
3947
3132
1080
-3383
-3703
-3728
1601
-1321
3495
2961
-3178
-1292
-2549
3929
-2493
1200
3604
412
3337
2280
-1313
873
4855
1892
2905
748
4209
2905
-3457
2269
-3629
-3317
2513
4617
-3457
-4909
4773
-2262
-3102
-855
391
22
-988
3871
4798
1569
-3058
-4071
4858
960
4054
-772
-3766
2715
-2906
130
3674
-370
-4565
-825
-1463
-3667
-1847
1108
-3352
-943
-3156
677
-1874
-2205
-1623
3801
-1335
2083
3299
2902
-1472
-1915
1177
3622
3187
-1367
-2516
-4766
4452
-442
-3649
3833
1358
4227
3031
-2099
-1869
-142
-718
4698
-1483
3976
-4876
3316
2858
-4003
1596
-4276
-1454
429
2741
-4178
964
-4984
-3464
1962
-1532
-3044
2863
2909
-4846
-4739
-4428
1852
2972
-1089
-4952
-1203
-605
4384
-4704
1809
26
-4652
-710
3810
-421
-803
1053
4277
-955
-4761
-3698
2267
-4720
-4962
-3713
2874
-2928
-1075
-3534
-4093
-185
2596
3899
-2000
4645
3669
1587
1020
2299
1275
-3751
-1282
-3922
-2457
2403
-3357
2022
2952
562
-1112
4534
2166
3235
-1199
550
3756
4882
-4199
-245
2416
-2183
582
-3287
-289
87
-24
-3073
-1766
1035
4446
800
1863
-4817
-4028
-2862
-1226
-2414
-3171
-3185
-2255
-3186
-2422
697
4942
-792
-444
-2629
3588
3557
2891
4250
-1784
3353
1915
-1334
-1197
3435
4648
-3283
1521
-1979
2359
-3018
2361
-4632
3688
3788
-1948
1180
-653
-1702
4556
-1212
-4546
-3981
-4718
1664
-808
4226
-3828
-2772
1557
-1840
-3975
-1018
3495
4159
2338
-1923
-123
3891
-849
4085
-1686
-1376
-2621
-394
-1347
-4001
-1546
292
3433
-1302
-4627
-4230
4312
-4649
711
-1440
945
4417
-2202
3691
1642
-4383
1321
-29
4460
4604
-1342
1120
-14
3622
3448
3838
-995
132
4571
1951
2488
-1841
-3376
-1409
3922
644
3048
-2317
-4147
-855
-3151
-3669
4290
1850
-3928
-4122
-2737
-1295
-3463
-2843
4287
388
4310
3208
2244
-264
1648
68
2243
-412
-3068
3382
-3797
2352
213
-1615
-540
3148
-2142
259
-351
-3475
4099
2309
-415
1170
3254
1010
-393
-4523
4880
-2353
4404
1309
-4238
2120
4414
-4336
1050
3516
2703
933
-2830
-2946
4877
4679
746
-3651
-3311
-4538
-2003
-2883
-2570
4840
-382
-3756
-3216
4861
-2830
2801
-185
3552
-3312
-858
-2354
249
2314
2310
-1404
-1825
-1269
-295
-4505
2395
-262
2109
3311
3479
2658
-809
2254
-186
3135
3159
-2462
-4115
-1726
-3735
197
2799
-1183
568
-2590
3958
-4274
3341
1971
4893
-4318
3957
-1029
4123
-2618
4096
3021
857
3982
3398
-4536
597
1283
4724
783
-689
1899
-4444
3113
2256
1590
1259
-2558
-2037
1176
-4965
-3892
-2964
-210
-4327
-2714
-1780
911
1481
-3226
-1657
-1712
-1931
2374
2484
2260
-2931
2025
-861
1599
3000
2569
134
-4875
-1928
-4274
-1514
-3373
-4084
-3796
950
-2583
4559
4234
4804
3939
-4131
-2518
-1204
1939
758
2698
-2057
-2147
2971
4134
4816
-3537
4773
-2696
4151
-3126
3670
-1010
-161
-3311
1095
-763
3250
-803
-640
-345
-3004
2218
3718
-4785
-4604
-2766
-2306
-1579
2543
-1372
-1504
4762
-4817
-3327
-281
-2767
4993
1267
4676
-2088
-2795
-3815
2466
-606
4542
1987
-3243
-1853
2712
2423
4700
-3849
857
2334
4901
3631
1376
-1553
-609
4633
-2038
-1563
2075
-2741
4036
-3377
4700
1579
-421
-2316
2845
3454
3775
-3584
4034
4907
-618
224
-1050
-2069
2236
3286
-4205
-640
1496
4057
4961
2287
2698
-4851
3413
3867
-1631
3082
-2917
-1184
1561
620
1918
2152
-2319
-1258
2388
-979
75
1379
-2601
988
3404
4475
190
2706
1939
990
1306
-42
2871
752
2284
-1646
1800
1905
-1372
2111
152
-1785
-1980
-2115
387
3915
-1133
1804
-1495
1821
-3379
-4902
3612
4341
-1257
3145
4068
-2681
4321
3931
4256
-462
-2283
1405
-1960
3621
-1189
-2035
-322
-866
3567
4698
1826
-2991
-1542
-889
-476
-47
524
-821
3012
-2290
2684
-1544
4838
-4901
1398
581
4290
602
-4877
-1798
1703
-1513
-4825
-2840
-496
-18
-237
-2957
-3202
3658
-3126
-3058
-1836
-2294
-95
1713
-1822
2354
-4928
744
2729
-980
-3515
-485
-4514
2217
1255
-1467
-758
-1000
-2888
-2972
3949
-1024
-396
-2355
34
-4546
-4394
-4007
-2162
-3610
-518
4511
3234
1560
-819
639
4240
3089
1504
-3815
4667
-4677
-148
-4840
-2137
-1134
351
174
-801
4883
-1276
3932
485
-429
209
-3250
676
1081
-4614
-62
1121
-983
3171
3331
-3248
-2690
850
3254
2131
-253
4371
-3040
3133
3999
4549
-1854
-2811
3963
-4142
3682
-3258
768
268
711
-1853
3858
-2974
-271
-2520
-2925
4994
-1086
2827
-4075
-2664
1917
-655
3344
-1835
-263
-1970
-4788
-2293
4578
-1260
508
-1500
3725
-516
-1465
3602
2534
947
3876
-4798
200
-1301
-4847
3866
-2760
-1069
3248
4913
-1666
497
527
-1634
1488
-1573
2882
-2696
-3683
-4603
-865
-260
275
-300
-1850
-1251
4622
3441
1163
646
-3634
-3254
4626
-981
899
3970
4597
2126
3480
4937
-4747
1277
1161
1302
618
-72
2978
-2560
-3287
-2704
3157
-4820
-1695
1259
4280
-3327
1586
-3244
3353
-1337
-2293
2384
-4946
3166
1838
4971
-1075
-581
2018
929
-2491
-1731
4676
-1032
-4232
-514
-2820
-1302
-2651
-2395
-1865
-4879
-4106
776
3270
3931
-1501
3550
-30
430
-3584
-4814
2810
2356
666
-2316
-4484
-1657
1946
2298
1948
2728
3507
-1484
3187
-200
-3426
589
-1562
2762
-1777
-611
-3726
-1616
2771
-3140
4801
401
1368
1792
4796
-3395
-2278
1255
-3362
1047
-74
272
1744
4865
-3204
-2572
518
2534
2214
4834
-4875
-4304
1055
-1640
-2497
3689
4162
2830
-3811
3855
960
-2564
-1625
3521
2477
-1061
-2781
-2442
-4360
4137
1496
4813
-4635
4502
-2130
382
-103
-3252
-603
1536
-1406
-3381
-1394
-4124
-3040
210
-151
2110
4211
-2422
1948
-3453
-1646
2348
-3268
4526
-4171
-397
-4373
4317
-2464
-804
175
25
2525
2938
-3717
1011
-1355
-4586
2364
1769
4458
4867
482
3511
4948
-3569
1545
4251
-3258
1798
1907
-4527
2780
305
4099
4941
52
-4644
-7
-457
-2074
-699
4981
-769
-3216
-2305
-3414
-3566
-4269
4502
-1888
2470
1652
-2195
1829
-4305
4144
532
2738
1156
-3985
-1914
2358
-4661
1283
-1522
-3391
1073
3725
-1143
4575
1670
-1428
-1162
-4209
-4763
3412
-3766
3534
-79
-3929
-687
149
-3590
-2382
-81
2572
-3601
1351
-2892
3897
-306
-2414
-3651
1625
-2233
1290
3207
-3734
4942
-714
1343
-4349
-1377
-1303
3477
1504
844
891
559
-963
2546
438
-4774
2926
-4662
4234
651
-3366
-3733
349
-2941
-1054
-3764
-4925
-3455
-1935
1959
-3563
2689
-2543
-1254
-3231
-4574
-649
87
4286
1014
2397
-3478
1242
578
2491
2251
-2893
4565
3313
-2839
3486
2982
2
2951
391
-2363
-4256
-573
-3403
3780
-799
433
4281
895
-4869
214
-4813
182
65
-656
-1535
1483
-1414
83
-4747
-4410
2474
1566
4674
-2633
47
4940
-4397
3443
-4454
-4681
2072
-2737
-56
3863
1742
-2261
3133
551
1369
-299
1052
1640
-2736
-2914
-2940
3680
2854
250
202
-2070
-2464
-1951
-1329
-3343
4904
-1310
3135
-4137
-3267
2823
-3722
-1793
-427
4100
-4882
27
-3680
-1751
4729
175
-2502
-1401
-1929
3316
172
-817
-1979
4345
4448
2118
3810
1028
143
3557
-4033
-2266
1080
1596
3923
-1619
4480
-3321
-168
-589
401
3048
-2795
-3917
-1391
3284
2073
1004
31
-2662
1537
-4770
1259
-1731
-2714
-4911
3491
307
-1354
-2028
470
567
-291
787
2871
-3335
527
3794
-4176
53
4229
-2905
2320
-672
770
516
-2045
-1490
3361
3201
-1652
-3167
2365
472
-95
4492
-3716
250
515
-842
41
-4641
553
-3814
-1315
-4853
-4248
-3765
425
-2116
-1823
1061
-3390
1199
3191
3999
-423
-4318
-661
4812
-538
-396
3766
1376
-1807
2313
-1982
-4272
2444
474
-4683
-3838
784
2681
-2180
-76
-4509
1553
592
4376
-4445
-1124
3895
4221
-1342
1743
953
1609
-2099
4912
-3347
1010
4090
-4200
-3120
-3716
4302
275
1938
4908
-3351
-125
-1251
-2149
-1153
1685
-878
-1049
-797
-4885
1442
1571
-1758
-4664
629
-65
-4871
-2517
1675
2482
-1821
-4877
4765
4419
1539
-3984
4975
-456
-1829
-118
-4060
-299
3639
-3765
-34
3126
2105
3095
2577
-456
-1726
-2996
-158
417
-3895
4036
-4047
-48
-3765
-425
3408
-1105
207
-674
-4289
4037
-2444
1362
1318
-3672
-806
1411
-274
1215
-2694
1701
268
4086
4835
4020
2683
3691
4658
920
-907
757
-1523
-3069
653
-4540
2188
-4409
3516
-3981
-1564
-3594
4487
-3974
353
-3423
-1831
1840
1088
-399
1154
3166
951
-3356
-2196
655
-3263
-801
-1339
-3661
-1703
-2525
-2130
-525
-2526
-118
-3825
2094
-3680
1376
2628
274
-809
-18
-903
4535
3951
-4511
861
1749
-1344
4137
2150
-874
3120
254
-1263
2709
1846
-3411
659
1461
-2710
-2063
1922
3247
-1317
3180
-903
164
-1652
-1340
-4164
-3903
3964
-3701
-744
-2352
-4704
1334
-4539
-4582
2640
4735
3372
-1526
-4293
-4778
-3169
589
-25
2066
-3527
4294
-4279
1173
-300
3246
-1731
-4290
2336
-4440
-3661
4040
-1370
-1646
-2778
-2448
-1590
1240
-2758
2132
3046
-4221
689
-3818
3945
3135
-358
1056
-757
4874
872
-2223
-4805
-1257
2714
-731
4184
1987
-1124
1731
680
3999
585
-2511
88
-4117
426
3426
1697
-3660
-2688
2815
1203
-571
-1686
-2141
-47
3017
2595
-401
-1031
1840
-2868
3135
4077
-1857
-1935
-2028
-3117
2946
-885
-3168
4933
3245
3474
-4127
2550
4320
3132
4292
3586
-3032
-3338
523
2017
4994
3245
-1255
3400
1291
1689
2825
3627
-1820
1720
-545
-4029
-591
1939
2294
-1032
-3089
-1665
-4439
4859
-4987
-1438
-4115
2323
1812
-4161
4507
-4894
-2168
4960
-3348
2947
-2735
1535
-4035
882
4859
1873
3777
3479
-2248
-4817
-1818
-4479
-4864
-4269
-4945
-3781
-3489
-4213
4577
1678
-1492
2813
-2486
4995
1322
4392
-741
-1965
-2776
1810
-2394
3117
531
3427
-4830
19
-2773
1885
4251
369
2194
-2649
-4537
-4198
-895
4164
1523
-399
3013
-3035
3020
3010
3639
-4536
1514
3531
1353
2602
-4969
-3190
-1301
-3200
3117
2500
4046
-4450
-4
3710
2112
-2109
-4245
-3156
-4682
-207
-2393
-4396
-3112
2204
1591
4798
2117
-3905
-2673
1962
-4137
-75
3651
-786
3122
-1814
4563
-3429
1606
-4849
-379
-3365
4804
180
529
4041
-3250
-1771
725
2556
4070
-2764
-2647
1745
1752
-3969
621
1157
-684
3101
3390
3948
3427
-2150
4007
2673
-3701
1388
20
-2966
-419
2930
4978
470
684
-2008
1779
-3290
-3256
-519
4317
-106
-2936
-1214
-4254
4615
-3385
2351
2554
4186
725
-3276
-2244
-1286
2573
2586
-3412
-4137
4711
2580
-290
1563
-348
3405
4472
570
1847
3423
-586
4171
4403
2
1991
541
-1409
-3648
-3547
3464
-3305
-4575
-206
3682
-4884
-4248
-2195
-2598
-4725
-3447
-2364
-3980
1546
-411
-1580
3137
2015
1892
-901
-1798
2379
-1891
2671
-3414
4836
-3339
4839
4918
-4256
1937
3927
3033
1869
1610
-183
1888
605
-3587
2039
1038
-3425
-1045
725
573
-2631
3188
490
3506
417
4571
-4864
3499
-2389
-3195
-2655
3384
-3524
804
-1055
788
4670
3067
4139
750
-1220
-275
2339
-3656
3485
-3066
4747
2299
3629
4709
2193
1189
2903
-1212
-794
3008
3343
3094
-2119
-320
3435
-4020
4081
-3847
-1438
-3516
-2102
971
1693
735
-154
-965
4538
1646
-1387
-4529
4415
-792
-145
3301
-1045
-2647
-3810
1616
-2536
634
-263
-4655
1085
330
-2501
1870
3072
4070
-3261
-4223
-2503
746
2164
352
-4543
-4636
4908
884
1929
2369
-4255
3432
279
3030
-2617
2064
-165
1293
-1697
-2637
-544
-374
-4166
-633
911
3785
-965
-3896
4061
4278
-2054
1988
-780
-3015
4196
3750
-1601
3644
-1328
-1331
814
-3222
2332
-3208
2714
-2427
-2810
-400
-766
-3740
2312
-3534
-3020
1752
-1014
-3241
2840
-1591
-2645
98
2710
929
-806
1494
-1288
-1387
-3122
-4207
-4279
4204
2934
-3783
2797
3869
-1829
2210
1226
4361
4529
2841
2868
-2542
3772
208
1447
-2553
1472
-3259
-4851
-4003
-208
1505
-3937
-2581
2712
-3237
3736
4850
-3242
838
2630
-4073
-2925
-3058
3017
-2193
-128
-2998
2990
-1578
2747
4670
-4923
-3957
369
4929
-4099
-3844
1869
2069
-2222
1401
1951
1576
-4211
-1337
4232
-3786
1002
-3180
3329
-647
135
1570
2379
3358
3464
3731
-2271
-2091
-3593
2015
-4775
-3851
3560
-3644
3562
-2439
-2837
-1958
-2968
3947
-2645
753
-2438
908
531
2442
237
3181
4928
-576
-2319
-2003
3586
-1503
-1135
4415
-372
1212
1312
3542
3115
-3719
1631
-1584
1155
-3937
-165
4829
-1788
1974
-1453
-3653
123
-1750
-2137
2352
-4282
-1240
3403
738
-4000
808
-3733
-3834
-1174
-697
-1398
691
4218
3408
1731
-2942
109
-3465
2464
-251
1752
1298
-3112
-175
4396
-4876
-4478
3833
1896
4134
-392
1416
2648
4580
-2888
-1861
-4629
-3326
388
-119
-2445
-1383
1657
-4481
-3898
3859
-1028
-3972
4897
78
2640
2166
2571
3760
2005
1432
-2953
-4809
-4486
-4855
2260
-645
-2925
3961
4095
-1661
2613
4058
-936
2177
4430
-3271
-2510
731
-1598
1271
-3821
871
497
-1111
2539
2930
4996
1304
1394
-1651
-1803
-3466
-2598
1540
3662
-3362
3108
-340
4586
2198
-3394
-1927
-4727
-3276
298
2313
2671
-1030
-4631
-1183
4459
4271
4022
3073
3028
4124
304
-1738
-1633
3263
4607
-2771
766
4127
-2072
2607
-4621
-1218
2363
4477
3027
2580
-806
4729
-4651
-3475
-1420
-2802
1865
2289
2063
-4082
2117
1227
-3149
-1914
1131
-4103
-2141
-705
2887
-4464
4935
-1932
-1197
2216
3829
4923
-51
1563
4735
-174
-1359
-3546
1429
-2792
-2144
-4631
587
1237
-1934
1
-1243
-1530
4279
-2881
-722
-2231
745
-155
-455
113
4317
3148
-2034
599
-1943
-555
2086
-4291
-2321
3898
3074
-336
-537
-3616
-4651
-2695
4123
1228
-1133
4480
4636
4671
-3935
1471
1219
831
4571
3886
449
-3869
1364
-4465
2087
-294
-568
872
-4910
-4263
670
3433
3502
-1697
1353
-3335
3227
1463
3934
-3742
-2019
-4086
2079
-2123
1661
3422
-3082
-2757
3645
-3169
-3443
-3303
2153
-41
-4534
3503
-3767
2829
3049
317
1043
-4088
-3887
-2654
-4115
-433
-808
-3965
-2640
174
2450
-2459
936
2502
4133
1655
327
-2990
3448
318
3050
130
1290
2206
3284
1110
-658
2866
3574
3545
868
3305
-2496
-2153
-1453
4173
3953
4092
-4829
-2191
4921
-3158
-1737
454
3728
-362
4855
2058
4112
-2000
-709
-3266
-4483
4462
-3356
-3198
-779
116
3461
863
3747
-3567
3374
1408
-2483
2537
1577
1886
2749
-278
4525
2183
4652
910
-144
-1926
538
-3571
-2326
-1486
-4245
3643
-1292
-1251
-2453
-2619
3439
-393
3586
4403
-1919
-2936
4339
1963
4795
1574
-2242
-4814
-4154
-1128
2117
-241
3739
1577
476
62
4321
-4011
-3142
1390
4369
-717
-2484
2456
-1578
-3441
-2904
4124
-3615
-3053
-2994
-4582
-2311
529
1419
-1495
-3730
4640
-1449
-1801
1086
1008
3727
2046
465
-2517
4173
511
-3233
939
-3629
2110
4002
-4478
4518
-3686
1558
-2807
4743
-4441
-1700
4393
1853
-2278
958
736
-3538
-3200
-227
-4000
589
-341
-714
-3990
764
-1397
1283
3106
-1549
4773
4541
-833
1497
-3742
799
3009
-2401
3542
1846
-4881
2908
426
-2187
-963
1939
-4567
-843
3590
2321
2084
-3766
-3508
-638
-749
-2976
-663
-1389
4921
-1692
-32
2370
2274
-4737
-603
2001
-3300
-2835
534
2074
-3297
-3028
-2795
-1284
729
1280
-2285
-2892
-3142
2915
3802
-1833
2314
3482
967
-3573
-1278
-941
-3566
1702
-2082
-3527
3019
-258
-100
-2214
-2717
-849
-831
3760
-3244
-2229
2201
4076
-4258
1387
1416
-63
2623
212
3890
-3524
-2002
901
532
2033
-1035
-3507
3437
2960
3816
-1335
844
-345
-4890
-933
87
1553
4347
-2058
3909
1052
-2625
-2186
-2711
2632
-3233
-372
-4085
-485
998
-3849
420
-3326
2183
126
4150
-2958
-694
1338
-2473
-3363
-1743
-3519
1448
1935
-971
2797
-4794
-3000
-4990
4747
-4725
3476
2667
-4162
3474
310
3740
-3868
4198
1443
-389
-4815
-3547
3051
-1815
279
-4330
-2702
2314
503
-1628
3388
3055
-4511
2502
3256
-2724
-104
317
835
-3909
-495
4505
-3171
-2915
1017
-3480
-1911
-2664
-3210
-596
-1731
1441
-2634
4888
-4614
919
4692
3015
2949
-2278
-2135
-2615
788
-3002
-98
-1718
-748
80
4208
-2255
-473
-3717
-2067
-1454
4619
4631
-3766
-1872
1061
728
3367
-301
-1091
-3778
298
3057
3315
4518
3160
3197
-545
-3316
4978
-4471
614
283
3628
712
-1815
-2365
-359
21
1319
4454
-1854
-2407
-462
3727
-651
2445
2143
-4561
-182
1389
-4585
453
-1855
1525
-277
2922
-1385
-3589
-2428
-3354
-4152
3384
4504
-4990
-3810
4292
296
-2117
-1545
1005
1991
1567
-1755
-4140
1062
424
3150
-204
-422
-4606
-2268
-3536
4030
-1413
-4401
2103
2564
278
134
-1001
-3273
3019
-2611
2299
2541
-2769
-2391
2322
-3032
-1621
-4450
-162
-37
-1268
-3447
1989
-1702
-4298
4745
-296
1130
-219
1640
446
-345
34
520
3260
-4939
4863
-4135
-461
910
3839
2391
3734
-3511
-1963
-4864
-2554
-2292
4775
3026
-452
-264
-3026
-1773
-4462
2483
-4291
-6
-4274
1939
-2244
747
4540
6
-1712
4241
-1737
-2161
-4360
-1229
4628
3355
3815
-3719
1451
-4847
-2855
-1865
2675
-4825
3267
-2904
2137
-2623
1388
-890
-675
-4331
-4862
-1674
393
-934
-2630
-1231
-2594
4127
-4264
4060
717
2280
4918
3113
-1138
1858
-1227
1798
-3503
-4680
-1778
-1661
-4337
1694
-1164
-958
4555
-1061
3352
3127
-2149
-2701
-3753
4351
-4259
770
-4604
-4404
152
4245
-1986
4478
-3392
403
-4467
2798
2613
-631
-3329
3956
-1335
-3406
-1399
3784
-3716
965
-4436
1109
-3322
2680
-2874
-3894
-992
-4909
-1678
810
4767
3167
1501
-221
1902
2798
-538
-1269
-3673
-1468
-4927
-1161
2125
4258
1703
2774
3465
2755
-3858
825
175
-2256
1809
-2618
2061
-4834
4524
3138
1728
1095
-3578
-741
4818
1750
3194
1064
-3180
-724
-1068
-3768
483
3039
-3611
3015
-4358
-2366
-1245
-4513
-4427
1472
-1408
-165
2877
-3630
-4186
1479
580
-2480
-4292
-4925
2335
4772
-3081
-746
1099
-2422
-2993
111
-179
-2349
-4932
-377
1242
-135
3390
-3821
96
4925
3526
2885
1423
4316
-715
3569
-1960
-3808
4158
-1699
3024
4611
4554
3970
-4800
-3218
2329
-4592
-723
-849
3152
2733
-2609
3625
-77
-626
-3488
-2939
1231
1006
-2653
4503
2180
-421
-2642
-4997
-82
-912
837
3262
1600
4349
-3372
873
-1748
-4109
-2615
4248
1984
-1653
-3556
3546
-3584
1430
-4676
1504
2171
2575
4104
-3480
-915
-3443
3814
1523
-1566
1237
-1213
2530
-1390
-1172
24
-128
3869
329
1621
-1063
515
921
-531
-552
-1520
-228
1181
3229
-2173
3213
-3958
1854
4074
-1536
646
4132
-804
-3533
479
-4026
2050
2102
3028
1716
-4845
-1129
-1275
1994
-1910
2343
1542
-4172
4582
-4184
1311
-3552
-4754
2616
4675
3086
-2977
-3513
-2581
3365
1683
-2925
-353
-1681
-672
3413
-4544
1477
186
2996
-2251
277
1558
-2808
-3297
-2609
-196
-4647
-2853
-3425
-4777
1270
3876
4693
-2691
1393
947
1233
-3546
-249
1188
-39
2443
1102
-4058
-307
-4852
-1849
-4946
2881
1901
3378
-1512
2489
-354
33
1356
1764
438
4293
-2135
-145
539
884
705
-3926
-2351
492
-928
-2664
1581
-638
-4439
-576
-2204
1827
-2465
-1856
4244
364
-2594
3553
1999
-1644
-3612
4917
1376
-3498
-3585
-1043
3148
1101
4947
4807
1830
3817
-3736
-2939
4046
3598
-3730
-679
4791
3579
-4338
3596
-333
-2808
1247
4718
78
3016
3762
-1129
4388
1646
4986
2252
2576
-3284
1387
2974
-1022
-2361
-530
-1172
3371
70
3006
2552
-4840
-3543
1234
-665
-2807
1207
-4649
2946
3581
4063
89
906
4732
1344
-1409
2120
-4416
1588
-1008
-190
4657
-3737
2229
-1350
1644
2646
-1619
-2527
3791
4866
-1049
1144
-3837
787
4671
-4601
3063
2873
2392
-1066
2261
-2770
-3662
4616
3491
-1000
2873
-2584
440
-534
362
-1156
-3624
-4710
1810
-3290
4270
925
3508
-886
54
-1506
455
-2471
1844
-2130
-4502
-389
-2172
-394
-4043
732
-3441
4232
-3539
-2915
3750
-3053
3491
-4853
4622
68
-949
2157
-1159
-3510
4436
4902
4749
2114
4280
635
-4125
1473
2673
1839
-2626
-2112
-3866
-2551
3045
-3247
3697
4471
-3953
1632
-1217
-2596
1978
-1307
4883
-2028
1768
-3690
-4329
3481
-2137
3242
-768
-2962
475
