-1541
-3993
3153
-2537
1565
2494
2116
4705
2140
746
-2282
1222
-1442
3701
-2463
4597
1544
-113
2210
879
376
-3860
-1339
-147
-2849
-1768
2938
-4719
-2186
3751
3796
-504
-4159
1852
4751
-3799
-3711
3974
-911
-1907
-4844
2738
-1591
3323
1031
-3263
820
-626
1147
-728
-1953
2581
-3115
-1906
-3865
-4025
-368
1557
172
-912
2525
1480
-2380
-1763
1082
-1635
-405
3824
1281
4614
4088
-816
-4409
-4758
-1716
-2543
-4315
1548
499
2219
-2157
3397
-2292
2249
1168
4098
3013
-655
607
-2468
-4032
1435
4987
-3856
1458
-2385
-1814
-3173
3978
2032
1664
-4444
-4897
-1489
-3173
2342
2497
3917
-4277
-4120
3410
-2000
-3996
-4998
-2770
-2671
-3940
526
4789
-4512
-480
3361
-2167
3701
1811
1701
-3662
2276
166
-2628
-817
4796
-1886
3155
-1704
-2692
4386
1256
-4353
-2766
766
3818
2020
-2526
4930
-4
-121
863
2254
-3499
-1335
-1031
1814
4071
1627
-589
-4662
969
-4040
1727
4000
-4988
-1697
-4535
3516
1735
3752
4029
-4335
-345
2679
-1515
-3646
-2634
2334
2131
-2286
430
-2739
3480
4953
-4886
3301
-1841
3063
-3774
-1989
3768
-4605
-2030
-152
4852
2381
-1531
-1156
4554
2370
419
-3694
-4411
4605
340
-1905
4874
-1046
3984
452
-695
-1386
1061
-3133
-1953
1490
2339
-2737
373
3287
1687
-1780
2202
3827
3474
3493
-1576
4065
-2714
-132
4773
2887
588
844
4488
-1335
-4043
-2726
869
-4662
2971
-1894
3127
-1805
-1261
-2786
-4135
-292
3826
-2695
-927
-2552
-1223
4514
1498
-3811
4782
-1740
1309
1952
2664
450
3083
-49
2951
4440
3498
-200
-1635
4332
1081
-2408
-4083
-316
1153
-3843
-1649
-575
2826
956
3181
2792
-3977
4255
-2851
1713
-2881
1622
-3046
-775
3625
-3874
1057
-2734
-4589
4415
-1242
-677
-4849
-2256
3569
-2614
1179
4245
4105
-1899
4139
-4552
1450
-3600
-2763
2086
-2010
-3008
921
192
1814
1774
395
-3631
-917
-1816
2526
-4560
-2971
-2975
-2433
1499
-2066
2681
4331
4579
-572
4119
-2290
1511
-830
4994
-1223
-391
-3141
-625
-4401
-3475
34
4629
-1300
-1665
-4536
268
147
-61
-3390
-1756
1874
-2168
-201
-4558
-1308
3638
-3117
-11
-3389
-3913
-2021
-2537
-2153
2658
-1170
-3889
4400
1394
3139
-765
-3476
3541
2437
-1798
3477
-1376
-40
-2336
-4998
2208
1398
882
-3096
3659
4347
-951
1045
3381
377
-1980
1450
-1841
4313
3342
-2902
3705
-2257
3599
1827
40
2088
-65
3551
1987
-2653
-508
-2665
-4249
-3895
-4660
-3387
-4133
-4870
934
1829
-2242
4566
-4437
-3224
-213
-1340
-2405
196
-2850
-62
417
-2117
-975
-1142
-3544
1589
-2896
-4947
1959
573
347
-2272
-3689
-3290
3913
-2945
4518
3448
3464
-1294
1348
-1333
51
1787
4251
4686
4061
-3256
1547
-923
4362
-949
4595
541
-2963
2595
4092
-1108
-2708
4727
2479
3450
1392
3455
-2857
-4506
-824
-3505
-79
4663
4380
257
336
1024
3823
-3698
-1491
-4130
-1442
-2839
-1205
1457
-1770
-4233
-2696
-1964
-1486
4750
4416
3355
-1183
4361
2028
-2119
-1450
-4010
88
2907
2361
445
2834
3605
4507
-723
173
4374
-3689
3316
-4267
-790
-3085
1258
-2738
-4100
-2186
-325
-2283
4854
-3261
-4113
4216
4551
1444
4344
449
-2881
2290
-2648
-3011
-3670
-3168
-3588
3227
-2250
-2248
3960
-656
-2221
4253
4592
4808
-1417
-4208
-639
4663
2811
-1410
3162
1437
-411
2981
-678
1223
-1198
-3241
1479
-2398
-2304
1864
-4088
2811
-1099
4914
4544
2354
2864
3768
1831
-3795
2106
-2009
-4393
-4519
-4664
-632
4064
3691
-544
4001
-104
-1452
-4618
-644
4371
-2333
2594
-1968
-2358
3348
527
-1045
3659
4662
-2510
-2543
-4002
4411
-1003
-2370
879
3416
3199
-1241
1788
-4644
-238
-1585
-308
3166
-4671
4853
1434
-4578
396
4299
1837
-3682
890
2161
-1690
-3126
-911
4800
406
1602
-2684
-4317
-1159
1240
-2934
-4257
4914
2005
4391
1011
2275
-4874
-4855
1994
298
-1821
4257
-3
-2317
-4112
1676
-1994
3694
861
-3347
-1360
-1426
3416
-1623
2858
-2421
-4142
2351
-2070
-4363
-1873
-846
-1026
2149
663
308
-435
3585
3177
1617
-1812
-1716
2560
372
957
-856
3453
-262
-2094
-1223
4163
-2959
-4928
1047
322
-3523
3198
719
-4229
-329
3276
4103
2499
1154
4976
700
1155
4620
971
-150
4923
-2819
-3222
4535
-617
3535
1753
-2532
-759
1385
-4141
-4623
4390
-1910
-300
-3468
-4899
-4977
-401
1686
1090
4993
59
2146
1017
-4514
312
-805
2605
-238
640
4032
-4032
-2271
-3768
799
-659
3204
-2875
-189
-2663
1246
796
2555
1976
3370
4146
-1527
-836
515
2962
1332
-136
3103
-611
443
-3133
-1015
-4581
-3931
8
1802
-401
1002
-2710
4099
-71
-73
4325
-3639
-523
-4158
-4160
-355
-4079
-4357
-274
199
-4147
2875
2611
-2770
-3382
-4
-3116
1367
36
-3179
-4553
2504
4908
320
682
-2840
-3922
-3831
3327
2709
4946
2149
-1947
4689
2590
-2275
-1966
4041
-536
-4123
4716
-3837
-72
-706
-3401
-908
-3124
-1404
1944
-2004
-3578
756
-4344
399
-3888
-4466
4117
688
2240
579
-3341
-405
-4522
1772
-929
-545
-3374
3702
3859
-4393
-3662
-1187
1557
2388
3273
-2700
1211
3273
1004
1999
-3175
690
-2955
3453
523
785
-1621
-971
2478
4102
4809
-2085
-3464
-1029
4362
-3601
1880
1194
-3610
-877
-264
1259
-4747
4167
4639
4285
-1773
-3277
4563
4512
3277
-656
-1541
-3475
1543
-2093
-4669
2851
-2097
2375
4505
1871
-4692
3366
1188
-4825
4513
1988
-636
-4813
-1954
-4344
-3324
8
3893
4311
4556
-958
-2438
-2049
-3405
3870
-1789
-1459
-2718
2081
-2753
-4501
-2348
4121
-3853
-2966
-1831
-1602
-1089
2647
4906
-29
-464
3117
1574
-4593
4622
-4760
1467
179
1429
-3791
-3775
3432
4402
3179
1264
4550
-2477
-4184
2594
-4237
3425
-4600
4066
2070
9
1504
-4076
3735
1829
-1709
-1906
661
4250
-3601
4068
-2093
1739
-3305
-4798
2704
1002
936
-3406
-1775
-2866
1499
-2931
397
1569
1334
-4194
-1403
-3088
-2321
-270
159
182
3454
4108
-3186
3794
-3907
4677
-2945
-332
-3601
-3888
-4639
3063
2602
2987
2578
1160
290
-3262
-589
-1564
-4253
-4834
1463
-1152
-2965
4475
749
834
4627
1799
2807
4909
-280
-1402
3559
2602
-1991
-3758
1973
3553
1039
4927
-4337
583
-1164
-1571
-770
1985
-1599
3686
480
103
489
-664
360
1060
3371
3149
286
122
-1384
4885
-2508
1922
1410
-1739
4406
-719
-2212
-1991
-4675
-2810
340
613
3424
-113
-2103
3625
-2377
4652
2075
1090
4222
-4357
1758
4477
275
-2830
4618
535
2124
3900
-877
-575
-2328
-3270
3103
-2641
-592
-85
-1415
4238
-3015
310
-3342
-59
-823
-428
-386
-2283
-2541
-2581
-4686
-4966
-3343
-4972
1592
1556
3773
1950
-2452
783
988
-1812
-4793
-1571
7
2601
-2715
-1546
-3609
668
1557
1942
4205
4246
-3764
-2939
-2036
-4472
-841
947
-540
722
-4725
578
1163
1798
666
-3522
-3095
-2693
-3083
-1753
1968
-1826
-8
3503
3350
674
-905
2511
-4239
3240
-45
-2444
-3938
2298
-2200
-4105
-34
3009
2438
-3670
-2130
-4250
650
3437
-4175
2325
4777
3665
3164
3502
-2039
3796
-1378
-4474
-4805
-2517
-2439
-118
-856
446
-1647
-2013
-265
2860
-2160
4549
4345
3103
644
865
-255
3179
-778
-2357
2291
1456
-4568
-810
-440
-3872
3690
-1446
-4293
-4582
-4040
-4984
3875
1747
-2380
-1244
3006
3494
-1829
-4287
1078
1155
-2953
3675
-1806
3555
3857
-82
-2276
1900
4608
420
3562
4863
1282
4955
684
-449
-3626
-3276
-3295
-1524
1924
-856
-2987
157
-4198
4469
3227
-2003
3588
-4762
2771
2684
182
-4799
2089
-1754
1673
3498
-2294
1584
-2848
-1707
2115
2670
2005
-4535
-1241
-1838
4869
591
4861
1344
101
-758
3716
-4100
2800
-2720
2740
1573
-226
2471
1283
-4277
322
-4085
-1056
1083
-16
2123
-1281
-3029
-3239
-3997
-2382
-255
2996
836
-2976
-4450
-2565
1264
4292
-1208
-961
-958
2421
1189
-4039
-4134
-2163
1011
4191
-1226
681
-2140
863
-1380
3996
-1881
4330
1283
-3008
-3534
-3568
-1758
3738
4491
2532
-3088
-1799
1046
1099
-3221
746
-4776
-713
4036
4091
939
-3526
2647
-38
4378
1417
1784
1833
-2468
4672
3289
1153
4701
4364
-4872
-944
-488
1240
-1899
4193
2609
-1865
-3822
-2218
4446
250
2275
980
2150
1487
1284
-3718
3762
4615
1754
-1985
2832
3874
-2591
-2824
-4378
1162
3477
2547
-3037
-2424
3261
-3116
-2271
-170
-799
4937
3479
-3086
2780
-677
1019
1356
-3524
-108
-2747
-1443
3254
-793
590
-2412
-4761
-4304
-4985
-947
-314
1801
-2554
-4880
-3435
-4058
283
3428
1669
4863
817
-2354
1305
-4169
-2095
-1014
4307
2381
4848
-1404
4539
-3698
-1352
-4604
-1538
2789
612
-108
-2669
1249
-732
879
-71
241
209
-1001
-740
4526
2906
3219
3126
-2267
-3651
3603
-1198
1152
-2462
-1614
-2324
3408
-367
-4377
2740
2152
-3852
-4744
1681
3705
-3401
876
4226
4134
-2517
3930
-721
3219
2602
3315
4911
783
2196
1177
-2877
-1269
-2152
-2437
1727
1462
2271
2606
825
-1530
659
-3783
4810
3045
-2291
-3523
-3647
-2810
-1381
-593
-4425
1266
-4993
3556
2429
2676
3653
-3272
-2719
4637
4029
-1414
-720
4916
406
3127
4117
2446
1756
-1326
-4177
-3899
-4968
-2323
2945
4793
4774
-2361
99
-1168
-4876
3842
-2138
2891
-2394
-3729
-923
-2986
2646
-3751
3175
1211
360
-4518
4880
3653
-2580
-642
-4969
636
2317
-382
2371
-3439
2278
2168
-2242
1431
-4492
-3269
3500
1948
-153
3705
1236
-3613
1762
2273
-1411
1664
4770
4298
-2940
-913
4523
926
-823
-4543
1085
514
-4038
-3084
4342
2195
-121
3933
-1391
-4866
-2635
1941
444
-3029
4670
4125
535
2071
-2587
4047
-3368
1885
2247
-957
-3108
4001
-2627
-1829
4568
713
-3714
4220
-4099
3896
-4622
-2135
474
-4313
-4511
-1715
4251
978
-4455
-3323
3439
-1587
-3010
2056
-152
4257
-2612
4324
-4436
-1289
-4807
-1562
1768
-3008
-1786
-3564
819
-4450
-1501
2043
-416
-1581
-2110
3121
-4770
-604
-285
-4746
-4598
-2423
671
-2212
1412
-4748
993
3648
927
-3733
1038
1636
-3311
372
3125
-4854
-3974
3804
2978
607
-2174
-2381
-1220
-3967
-3013
4808
-1202
-1314
-938
-2451
2627
-789
1937
-2889
-2518
4062
-754
804
-1671
4905
2287
488
-3346
-2236
-4212
-1354
-367
-3035
1175
-408
2309
1246
-1369
-4292
3677
4179
3185
-2405
-2277
2614
-3450
3718
-4237
3985
-4715
-625
3279
1519
-992
1841
-4564
4904
-2612
-2499
-4111
-3608
4450
2611
-769
762
146
-4855
-1420
-3610
4392
2379
-4230
-4924
518
495
4909
1227
4449
1843
-823
-4725
3688
1414
481
195
-3761
-1297
2924
-3520
-4582
3246
-4886
-2653
-4780
-578
-4507
-914
3216
-1357
-4365
-3253
-2746
-2043
1943
-4216
-4257
-1943
-681
-1341
348
-1479
568
3325
-3056
575
-3563
446
-1345
-637
-865
-394
3102
-274
2062
-3173
-3479
-965
-4986
2404
2291
3769
-3179
2273
-2360
4655
-1512
-3756
-2513
-2835
349
1392
4699
-2566
2244
-3524
-1599
1999
-1346
4372
2739
-1680
-4105
-3299
2187
-2702
-1935
-925
4547
-3554
-11
433
-2847
-3440
-3474
-1573
4785
4812
3921
3707
-4422
222
2276
-1177
2642
-4132
-4288
-564
-3571
-3990
-15
-4055
-2527
394
2906
1706
4437
1438
-1723
-546
1288
4347
280
4504
-755
-452
1764
4751
1684
224
-554
898
4324
-2751
3136
-3748
-2683
3362
1266
-3921
4106
2516
3826
-3744
3115
2997
4331
-4449
-528
-4315
-2495
-1838
-4934
-3994
2322
-851
2012
-640
904
-528
-2106
991
2668
-2036
1442
-2102
932
-829
263
-1072
-211
-2085
4715
-2800
1972
175
774
2357
1309
2691
1057
4476
4007
4385
4365
3972
1175
5
2305
-4047
-2944
-3567
3899
-4547
-3883
-1026
1623
-4916
-1131
112
605
282
-443
-220
3701
259
4251
-1880
-1083
926
4918
-4217
4475
391
667
-3488
4183
-2760
2939
115
-4368
835
-4112
3463
2518
4238
918
314
2231
4892
1430
2198
379
-3772
-147
253
1722
4096
940
-751
-3106
4277
3977
-3967
1411
-1543
4274
1028
378
-3050
3138
1739
-1043
4217
-3925
-3161
1885
-1897
3507
-697
-825
-1907
-388
-2981
-4059
4707
3099
4842
3472
-84
1419
700
-4477
-2708
-2918
-75
3083
3111
-672
3807
2651
2306
-881
-2750
-2787
-2488
-1898
-237
3570
4347
3712
2678
-2519
-4763
-3942
-4319
1870
-2359
-3374
-705
1114
2459
1019
3662
105
-2855
4076
-1226
-743
-2251
3608
2806
1182
-4848
-4408
1196
-2638
-3484
-1739
-2112
1466
-962
1426
-2802
-3356
-3002
2869
-4994
-2692
508
-682
2034
-3811
4449
4240
-1797
3204
-1729
-267
2920
2673
-3194
-785
-3203
7
1940
3360
4972
-3693
-3584
58
1682
-663
-1500
-773
2000
-4743
-3788
385
-4860
-4271
1407
2363
-588
4380
4721
-320
1399
1736
3314
-3000
-4912
165
4079
1720
2791
-4183
4355
3899
-3690
2561
1009
1900
4765
1010
3089
769
-702
3134
3412
4049
424
-2847
4038
-1355
2939
507
-4880
2268
-4954
4648
-4058
-2007
-2559
-4181
51
4791
-1430
4569
2863
-2867
3262
2722
1035
1101
-1723
4778
-2471
2406
3319
1765
-3254
3065
-81
-798
1941
-2120
138
-3490
-4463
2762
-1572
-3207
4224
-1108
3343
-1210
-1016
-718
-2455
3259
-2962
-2246
169
3593
-447
-1231
-4195
2069
-1999
3423
-668
501
3642
-2738
-581
-3066
-1599
-1240
3718
4938
-1207
3470
1740
2447
466
5
-1777
-2246
2304
490
2375
707
-253
-1609
3659
-1846
-984
-3443
2459
4103
-2325
3025
4572
-3521
4023
3859
4769
-1981
444
-2343
-78
962
-2820
2299
-4612
2318
674
3384
549
2732
3647
-922
4570
-2155
-3774
1318
631
4362
-1789
-2203
-1039
-4476
-2883
2270
3844
3929
806
1502
1381
203
-1492
-256
595
-4566
-3859
-3434
-4658
3850
-3181
1833
3795
3663
74
3671
948
4308
3504
-4740
-2911
2507
-40
-4900
-1739
1423
-4982
2908
1487
4518
4650
4320
4106
-2238
-3580
1391
-2868
-4602
-383
-285
-88
-522
-4919
-3460
2176
-1065
1413
-3692
-2022
-4395
-3537
-4803
-1859
-4716
1385
-361
-4727
-1362
2854
1965
-1983
-3878
2345
431
-3162
-562
4472
4731
1793
-4229
3468
-3964
-4724
-2633
-1208
565
877
4312
4836
4031
272
-2724
-3979
-3683
3440
-2650
-4118
-3111
-4638
-4973
821
1351
559
-3702
3092
-4129
4476
-1135
-1780
-840
2791
236
-4031
4528
-3921
-3551
868
8
3840
-761
-2438
-4788
-2230
-2947
-524
2048
4478
3143
-2336
3110
1621
4786
2156
2525
2284
1465
2082
4035
-3745
-2560
-572
-4998
1201
-338
37
873
-747
-648
-686
2921
-2195
2471
2908
-1616
4380
2123
-670
-245
-2422
3114
1647
-2653
-4652
-1903
-323
-430
-580
795
1013
-2272
1572
-4785
37
4806
1651
2563
-180
-3325
-3326
-4017
-747
-4100
-3402
2381
-2707
3902
-4566
4396
3330
2272
-440
1043
379
1588
3444
2338
846
1116
2676
3924
-446
-1527
-4720
-2254
-782
-242
-574
2017
4425
4115
4570
4187
-1840
182
-1007
-4229
-2110
4603
1880
3698
1225
-2764
-3731
4374
-857
-1924
3592
2106
-622
654
-4712
-4743
2940
-493
1829
-1732
1566
87
4050
1099
-2095
-4851
2705
-3536
-3191
2713
450
-521
-4433
2811
4234
-2094
-87
-1396
3900
-4504
3512
4912
-1754
797
909
2876
-741
2093
-1512
4961
4424
-4046
-3377
-1434
1989
182
-4568
-4812
1259
930
452
4026
-2516
-460
1431
-4479
3395
191
4488
3130
3193
-4772
481
-3084
-895
3823
1699
-4167
2561
2052
-4326
-792
2077
-2520
-4120
-931
-1326
-2651
1137
-2324
-3461
357
435
-2563
515
-4025
431
1346
1097
-450
-1384
932
889
-2745
1239
3018
-676
3267
313
-3717
1950
-2029
-3930
-2197
2488
4802
-3474
1890
4906
-276
3089
4090
3447
-1972
-293
-4009
-660
3250
-4277
4689
1806
-604
-257
1948
4991
4635
222
-2023
1885
-1233
-3071
-2795
3095
-2499
2127
3055
-3395
-1052
-2733
-489
-925
2383
1820
-2462
2305
-4676
4977
602
-3046
-4581
2927
4514
-3977
-2461
-1648
-2696
-4464
222
265
-333
-2554
773
-2479
4043
4432
-1578
3241
4151
1712
-3631
-867
898
2000
3842
-491
2727
-1201
-103
-1704
-3924
-4686
2470
4206
1163
-2135
4239
2863
-4246
-961
-2860
2286
3532
-4467
-903
-820
4881
2924
-398
-2982
-1992
1476
-2338
-1778
1781
1910
-2886
-1743
-1410
-4557
-89
-2812
2911
-1625
-2299
-468
-2243
-554
4478
-1407
4088
-479
-2241
238
2489
3572
-2511
438
2987
3551
1190
-2316
-1546
-1569
-209
3436
758
1368
1930
772
-2726
-3710
-3703
-2279
4968
4366
782
3183
2495
-2333
-1838
584
-1980
3080
-1723
-1408
-482
896
-1105
-2797
4237
-2946
-1307
780
3428
-4013
-2968
4522
-2393
-4853
1719
-1615
-3264
-2368
2836
-2933
-596
-3719
1012
-1639
-958
1572
96
-2326
-1068
2699
1657
-4794
-642
2485
-4056
2743
427
-1300
-1821
-539
1334
1942
4476
381
2142
-4542
-3788
4189
1459
3825
1548
-3698
1645
-1089
-4676
-2946
-2179
1036
588
-2150
2859
2124
-1937
1317
4653
-2201
224
3415
-1463
-2931
-4763
-2924
3649
-2950
1200
4983
3390
3666
-2139
-1093
424
873
3205
2695
-2079
2193
-3512
-1980
-1775
-191
2170
-1636
3564
-1905
-804
3152
-1504
2746
4075
4661
3995
3046
-3058
1357
3033
-4908
-4008
4494
-3526
-1587
-4226
1073
-3966
-2164
3027
2232
-1637
-2539
1470
-947
-155
-3770
3309
3492
4221
2600
-957
-1108
-1285
4161
237
-761
-1995
-358
2178
4883
2289
-232
-4552
-1644
-2744
2938
755
752
3814
-2115
-3783
-249
-1394
1087
113
1981
971
-66
122
2582
4929
-4772
424
2797
-3327
2962
2249
2880
4411
-674
2133
-4597
-4002
1322
1924
-3825
3723
682
1385
-3233
-4232
4482
-500
2135
-2624
-4654
-3450
4650
-249
3791
-459
-1546
-213
1086
-3808
-858
-4761
-3152
2708
1364
4273
421
-2612
3240
-2413
1758
-1553
3026
3255
4563
-1373
3680
4635
718
-4800
1820
-4732
2226
128
-4378
-66
747
4130
-4855
-1951
-2125
3389
-2212
2896
-3602
-4206
-2265
4443
67
-1174
448
1909
1672
2414
4209
-1472
-871
-2298
3352
-4669
2020
3209
4187
461
-2716
2707
3173
-748
-2329
-2459
-3998
1990
1230
-4155
-1133
2561
3426
-1274
4446
-3314
-1987
-3101
2453
2183
3788
-2683
321
-4359
2719
3076
1674
2821
265
-2742
4438
225
4427
-1949
-4883
508
-3880
4193
3013
750
1924
-4996
4382
-4275
4478
-4394
1307
-4740
-3849
1196
-1253
-2962
-947
-392
820
-1000
-183
-93
-260
-4715
-1583
-2679
-4333
3811
1819
-4859
3040
-1862
-4624
-3925
6
893
-4888
-1628
-4718
-711
-4217
1940
3652
458
4291
935
664
2045
-2319
3466
-320
2192
1516
1175
3967
-1690
-4239
776
869
1143
3177
-3972
-46
2883
-2988
119
-2791
1991
-2338
-4605
2867
2440
-431
-203
-4516
-83
-2905
-1397
1710
2041
4378
1777
-2233
-859
-4645
-2254
-2038
-1972
-4581
2540
-3856
-1568
1128
4092
2488
3691
-2745
3512
-2206
2576
3883
-4724
4596
4335
-1696
-4468
1895
-729
4663
-2791
-3119
2661
-1218
-1473
1903
-2389
-1318
4954
-449
-259
-3884
-2520
680
-1356
2317
-3974
-2698
-3083
751
3364
1190
4764
-542
3300
4362
4529
312
-2929
-823
-3875
-1386
-249
70
-986
1711
-2583
-2181
-538
446
-2366
-4909
4666
3519
3682
-2207
-1242
3627
-1448
2992
-1834
4015
4173
4855
2895
3656
-1843
-2024
-1197
1421
240
-266
-4748
-2504
-2168
-4271
-3856
3922
-686
736
4074
2042
-1970
-2807
4889
-1470
-3764
991
-4214
-665
-2756
1753
-4927
-2421
1544
-2709
2605
-128
-3170
-2284
4089
-1070
-1692
-1789
-2082
-686
-4000
-1242
4998
-3781
-688
4432
-1477
1059
275
-410
2782
1504
4459
-3369
2980
-3452
-1814
4518
27
-410
4649
-491
-3254
-2978
472
4784
1494
1613
447
2546
-2015
3511
4435
1352
4652
174
1941
641
-835
-1332
-380
958
380
716
-4830
3228
328
2518
-2860
-4838
3703
-4602
-1549
2329
-4742
-1545
-1200
4480
2078
-671
1765
-231
-705
75
3702
-3812
1799
1151
-3194
-4011
-1915
3562
1893
-476
2424
4060
4935
1138
3482
-1518
-192
763
554
2237
220
4844
-815
1710
-3573
3881
-1978
4081
-1511
2251
-978
3379
-3092
3989
-3381
4642
-3162
-3438
2837
-1408
-1477
1101
-650
386
-2708
2541
-2210
-2869
-2174
-838
-425
-2800
3094
-2240
-1229
-552
268
3039
-750
-2014
4720
1404
-4992
4339
281
-3640
-565
1258
1691
-2693
2818
306
969
4381
4760
1380
-1866
1665
-3704
2021
4780
2590
547
4771
-4298
-3845
981
-664
3624
-3066
-907
3625
3518
-2751
1771
-2946
3042
3945
1996
-371
919
821
-128
-571
3427
471
4741
4836
-2039
-910
956
-2907
804
1289
-3375
-4118
-1168
-3841
2985
-3950
3089
1
3524
2120
-1385
-2692
-2207
-2456
-2550
-20
481
4301
-4049
3810
4579
3292
-3299
-3951
-1057
-1401
3913
-1947
2414
-2817
-4579
-4912
-3130
185
-3609
4706
-3036
-3173
2957
597
498
2788
1279
-2269
-2168
1429
-907
1748
3006
3312
3607
-3545
1376
-4437
4124
876
-2022
369
2457
3884
-653
-1482
-1157
-2442
662
-1100
-4816
-4089
4394
-2762
-3776
1557
1796
513
-4775
1848
-3485
-4406
-889
2022
-71
-1000
-4173
-3255
-647
-2073
-2430
-2129
4475
2630
-4497
-3603
-3635
4926
-3885
2832
-1724
-4529
-4673
-4893
3536
2408
-2452
1638
3213
-1789
-2502
3793
-347
1499
-1451
2997
4867
-566
822
-3109
-941
3652
-3530
4011
-4154
-886
685
-5
545
-3269
648
-4174
1588
3965
-1336
-4136
-1832
-732
119
3996
-1806
-2851
102
1313
-316
1530
50
4678
1363
-693
-2267
1889
3347
2164
-2023
-3497
-1986
720
-4793
-1510
-1597
4290
-3042
-1232
-2581
-3644
-417
2780
-3992
-209
820
1899
-4778
2357
-4159
-1891
4099
1598
-3725
1293
4715
-3843
-2700
-2545
-4149
926
4481
-2107
-3609
3102
-1677
-1537
552
2583
-4503
3837
-67
3767
-4409
2785
1890
1612
2952
3238
-402
2110
-498
4679
-4570
2168
1066
-1491
4047
3236
-2201
1049
-3647
1139
3217
1978
-1498
-4538
-2637
4876
-4142
2205
-3314
350
-2435
-2455
2181
2221
4284
-1313
-1803
-1246
3437
2635
3122
-3324
-3071
2030
3693
2204
500
-538
4290
-428
3767
-4775
4285
-2278
-4129
1022
-2052
391
582
-472
3392
4406
-992
-4753
4749
547
-600
2989
-3983
-126
-2520
546
1185
-4583
-1272
-1516
4079
-4549
-1779
-1978
-2280
-3630
-2221
1780
-294
2200
-2443
4232
1266
4354
-4743
-260
-1853
1194
1017
93
-3437
-1945
-2436
3529
-289
2027
3699
4949
-4561
-327
894
-3268
3813
-223
799
4648
-4546
1401
3639
534
4523
-2215
-3523
-3174
-1639
-3565
-1699
-3778
-372
1646
-3907
3448
-3510
1166
954
-873
2612
529
-4751
-2711
3168
3144
4009
4893
849
4496
-578
-3697
1656
-116
2777
-730
4484
-1519
4666
4262
-4044
2509
-3560
-2606
-1538
4453
2111
4418
200
4298
-984
-4196
3523
4391
3574
-3598
1559
-438
3932
-2872
-2711
-4964
-2579
-4799
-2662
207
2107
1669
3881
4147
-3135
-751
233
-3739
3740
1787
1357
676
3588
-4689
-897
-2303
4296
-3029
1600
4722
-4441
4004
1753
-3693
4219
2403
4496
-4421
192
-1488
2967
-3066
2803
3481
1855
-3548
2101
-689
4026
-2499
3807
-4131
1853
3583
-4289
-3211
-1692
-1002
3248
1897
-3297
-842
-1224
-3789
-4534
1880
3546
3378
-1541
-3793
-1204
705
-204
230
-1420
-1194
-327
-2569
-4645
4948
907
-1094
-349
1165
339
-679
2021
-1001
1498
-2899
-4301
1561
4597
2646
2188
4675
-3298
-693
-2866
664
1805
732
-4715
1705
-1658
-559
-3727
-3682
1067
4242
-3594
1971
2818
1361
366
3182
-3902
-3401
1081
-4071
3751
-1974
100
3600
-4011
744
3191
1048
-3960
-2126
473
-4407
-3254
4440
-2882
-4342
4638
525
400
344
4490
-4425
-421
2546
-1775
3125
-3582
-492
-2322
589
2208
2222
-4947
-4223
1097
-2527
3939
-2627
-4481
-4475
-1746
-2048
4352
-3542
3862
-2907
1548
249
-2701
-4387
4596
3621
3833
-198
-4738
-2300
62
1258
-1899
2676
828
-4034
1261
4972
-4719
-4810
2053
3184
-4077
2396
4421
-1280
2370
4409
4887
-4034
-4538
2215
1794
138
583
-747
1633
2091
4716
-3456
562
-1460
-3797
-3132
-2934
-3471
1102
3359
3605
-2971
-4585
-1154
4364
1170
-3718
-953
-2816
443
4249
-2543
-1502
409
-2515
1636
-459
2832
-1857
-4967
-4405
-2962
-3465
909
-2037
4352
-1348
1672
-2508
192
-4198
1972
4300
3534
210
-2148
4434
3034
491
-574
-1663
-4660
-4746
-4275
-1755
-1840
-4017
-50
-3480
-3199
-1681
2397
4645
1825
-1809
3861
-3106
-1422
2567
-1496
-4247
4596
-4828
4928
-763
2667
1575
4804
-3382
4268
-2070
3507
2783
965
-209
-2161
-3131
-938
-1503
3305
2416
2144
-1653
-2506
-3227
2344
1463
667
-2241
-2905
4110
4778
2412
-3391
4686
1608
-1083
4209
-3765
2506
4650
-1107
-2452
-292
-853
3531
3398
573
-1388
3968
2838
-1894
-1792
2432
-3657
4342
2478
4888
-989
195
-1119
2483
4374
2720
3665
1260
4030
815
-481
-4159
-497
-4318
917
-2287
-4460
-3583
4700
2578
-1104
-3430
1271
3409
-2190
-427
-1459
1943
-1322
-3741
-1324
2196
-3753
-4317
1449
-2934
2131
3504
-2180
-455
1496
2011
3911
98
-4886
-2368
-369
-1381
4166
-4105
4020
-4930
384
2154
-269
1822
4297
1038
-3174
4055
-3107
1248
1307
576
664
4717
-54
3712
2777
2621
1216
4586
-4802
894
-1934
-4601
-3313
2585
-2148
-4081
-249
66
-2409
179
-4836
3905
-3798
2794
3696
-3256
3964
-4139
0
4129
103
737
-1319
2454
-1048
1753
-3077
3740
131
-2282
4310
2108
244
-4156
-159
1103
3232
-991
2889
-1306
-566
3621
-3658
4372
-4527
-2023
2938
-24
-2089
-4987
-1790
2506
3820
-4086
2655
-543
1657
1609
590
2863
3880
2094
-3965
3722
4640
-4772
-2411
1320
303
-3578
-2286
-2442
4784
-1096
-3933
4661
2397
-2032
4283
1042
-3138
-1940
-1719
416
-2242
1952
-3780
1955
-4322
-2764
4230
-4436
-4205
-2824
2729
2348
-1381
-315
1087
3095
-3555
978
-2042
1847
4926
-4449
-553
-3702
-208
3202
3463
3289
-2123
203
-2297
4053
4321
-3434
-1834
240
-2098
4573
-3945
-1835
3512
615
3821
-3610
-1816
-1807
-926
1648
-81
-504
-4281
-4099
-2520
4112
-4554
4421
2240
4115
-1053
4386
-4527
3849
-1375
-3057
2345
-383
-79
-3093
-3382
-4070
548
1872
779
4784
-4830
-4533
-4852
902
787
-1160
279
-36
-3909
2635
4913
1789
-1533
252
287
376
4146
-3296
-1642
329
3323
3537
-2421
-3916
-2897
-1478
1737
-451
1283
-1728
-1296
2470
1340
-3920
2538
4374
4039
-1743
42
-4974
-923
-3386
1086
1339
563
-4157
1491
2085
-3848
952
-217
3119
-3304
-3153
1929
1123
2934
894
-3107
-2181
-4730
3194
4619
-3730
847
-1960
1703
-890
-2416
-1103
-4100
223
-870
-1311
3314
463
682
4444
-3666
3820
1066
-962
-312
-2930
1261
4509
-600
2291
985
-3154
-2262
-3928
4322
-2656
-2063
-4613
-3920
3496
4007
3178
3250
2778
4017
-1449
2924
3346
-1055
1755
-4516
-1428
-3482
-4061
3147
182
3167
4540
-1778
-3009
1612
-2505
4508
-4308
-2331
-2679
-1926
-2809
-156
4241
3490
-4220
3405
-2826
1411
-2622
2990
717
-1599
314
1793
-1308
-4691
2872
-2818
606
2319
-4813
4365
4699
2799
-230
-2694
115
-3132
748
2433
4880
-3404
-2908
2697
2261
3050
-4560
2541
-4706
-139
236
3589
1717
-4308
656
-1261
2990
-48
-861
1497
2368
1034
-4838
4009
4465
-588
3056
2372
-3796
308
3972
1235
929
-750
-2806
-4860
762
4202
1503
-148
1382
-4771
-3379
-4645
276
130
1830
670
-4707
3242
3440
-4451
-2883
4897
4494
4116
-224
-768
3735
-721
742
-4992
502
367
4722
441
-4707
-3079
-3451
-4200
1814
2894
-2559
-4225
-4409
1733
1085
-3674
-2895
4387
-4523
1887
2694
-3475
-2646
1703
4756
-1771
-2451
4761
2018
-4736
2195
940
-2490
3336
1318
-4739
2577
-2451
4489
3351
-3288
1734
773
1438
1952
4757
-1036
684
-3340
3577
-2903
-1341
-1258
-2451
2186
-2927
160
-4819
-4596
1489
2197
1673
2618
1901
-1510
-4590
913
4721
-198
2882
-1558
2012
-918
2216
-4668
-2016
-694
-768
3118
-1368
4916
-318
3343
-151
3781
3937
114
-4335
-2539
-4445
4641
-2596
1765
-4272
3340
4102
-2749
-1821
3158
3595
1821
2861
-2227
-2039
2336
2937
4548
4615
-997
3755
4126
-2545
3205
-750
-3815
4230
-4952
-132
-3579
-3715
-568
1801
-4416
3232
980
-1977
-3921
4235
1016
412
315
-1219
-164
-2957
-747
-1900
989
3037
3767
4056
3830
280
217
324
-517
4718
-2019
-2642
4497
-2700
-2057
-2840
3469
4691
764
-2193
-2840
-3084
1527
337
1451
-3757
1746
-660
4717
-4010
-4377
-3631
-1514
-73
-430
-377
3007
2301
866
2283
-3783
-4695
1677
-2747
4102
-2948
4333
-2185
3895
-330
-2357
-1346
4819
-2167
-2058
-1653
-1679
460
3600
-1061
-77
-2357
-2346
2978
1951
-2852
-343
-649
2875
-4659
4014
-807
1668
-3112
766
-929
3434
-440
-726
172
3996
1414
-3408
-2175
-2981
284
-4653
-4755
-2434
-4294
2537
4432
898
3191
1926
-2563
-2981
1087
544
-179
-1124
4171
-3728
-3136
-1729
-4497
-4860
-3313
4753
2268
-1677
845
-275
-1578
-4418
3756
-3917
-3729
1599
-4005
-843
3282
177
-1267
4894
4268
-1412
-3627
-401
3237
4891
4333
1480
-3187
-4196
3974
4671
3601
-4253
-2262
4720
4796
-597
1709
-1183
154
-4453
-670
3760
-1016
304
-2934
-4133
183
-3940
-2057
2924
1552
1995
2447
3119
4273
2046
2539
-4974
2677
1719
2591
136
-3838
1503
3812
-3431
-4532
-1961
-95
-3030
-265
-3783
2313
1700
-630
1674
1053
-1020
-3778
2270
-2638
1070
-4507
4984
2525
4590
4360
4701
3611
3469
3721
-92
-1299
3565
-4905
-404
2209
2434
3600
-1927
-3060
-1636
-1615
3453
4691
-1451
-664
3327
-2120
-4141
1979
-3429
-1903
-2422
-4255
4262
-3867
-3967
-3779
-420
-80
-1072
-3780
-4729
2246
-3229
-2860
4398
-1612
-1171
4220
-4760
-894
-3779
-2005
4347
-3724
-3467
-1752
-3242
-2896
-3651
-3296
-1033
-3782
-1517
-793
4841
330
-564
-1787
4238
1424
-4772
-2686
-3131
4446
1278
-2772
2472
-1901
4176
3012
-1083
3351
-2449
-1734
-3481
2626
3722
-307
-736
-1448
-43
2596
1493
-1153
-163
2042
1942
4049
-2110
36
3433
-3780
-2778
-2418
-1486
-2793
1409
2772
-160
4784
2190
-3603
-1370
4464
662
1041
-219
2623
-1513
-4805
483
-3100
2944
-39
4827
-4491
-4228
-1440
177
-1139
-1624
3853
2415
3451
-4205
2166
-3248
-3561
-1935
575
-1960
-4273
-2692
-2631
-321
4064
-313
-4444
1049
3217
-4832
-3563
51
-4600
1602
3219
-805
1008
-1308
3244
1964
2722
850
-3580
3445
-3984
-3130
-451
773
-4575
-4862
-1678
694
4422
-4964
-1763
1491
-37
2678
-1815
-2025
-775
1818
4305
2435
4489
847
-2201
2107
2611
586
-3183
4173
2980
4387
1902
4767
-2354
3410
-3689
1461
345
3911
2336
620
-4681
-4716
61
774
3814
4023
-4206
4066
1118
2919
-1678
-2505
-2214
2650
697
3901
-2989
-2464
-891
-600
3304
-4960
-2417
1857
490
3310
-456
-1277
4100
3749
4510
2991
1976
-3034
-194
2797
2644
1373
-1805
-2064
2579
-4995
-2500
2804
-801
1672
1804
3894
1460
4412
-3109
-2640
3393
-1011
1210
1007
4344
3787
1460
2563
-1499
-2880
-2737
1619
-4997
-2520
-4734
1931
-1319
-403
-4975
-3261
-437
3598
-3005
1565
4845
-2100
-2859
-3894
1162
865
-1481
3625
4499
-2595
-1596
3549
-2532
4382
-2801
4186
-3216
907
-3272
-2244
-364
2381
1230
4916
2249
1003
1839
1984
-3557
2240
1579
-2986
3239
-4325
3799
-3603
4489
-4253
-3747
-3416
435
-4331
-880
1471
4329
-2468
-3283
-917
-231
2059
4093
-2434
3241
-2647
-3881
685
-1639
3658
1458
-4116
3639
950
3160
4996
1249
1481
-4154
-2445
1620
-4458
-1919
928
-4669
4297
3106
-3751
-2236
4903
1634
2859
581
-3180
-4959
-4499
3244
-559
2687
-742
1788
3967
-2771
-871
1394
3125
-1234
4906
2911
-1879
3704
-688
3841
-3249
2759
3013
-407
1516
-2752
142
-3823
-4219
4274
797
1255
-3943
-760
-1635
-4990
-1321
3675
-2803
1366
-3475
4373
2860
-4830
111
-1071
2461
4822
3200
14
4423
3425
-2432
-238
1676
-4695
-1501
955
-236
-3900
-423
849
293
-4925
-4881
-3017
-2015
2975
-1823
-3888
4845
-53
122
-2290
2057
-247
-4022
1941
2592
2633
-2494
3583
1694
3371
943
568
-711
3477
-3887
-1958
3869
4385
263
-461
-3096
-2722
4377
3170
1743
4295
-3646
3264
2811
3712
-56
3003
-4988
524
4552
-4194
3352
1420
-4061
-4916
4935
-2286
3279
1324
974
-1005
1755
1102
-1985
-4373
4932
-932
-4855
4059
-2179
3036
-1815
4941
-1426
-2991
-3267
1592
4299
3617
-1311
2495
2063
657
3464
1619
1046
972
-3016
2505
-1020
2259
-3358
-841
-539
3326
4380
2999
-2894
-528
-3443
-1682
3404
-2199
3205
1958
-3655
-1082
4806
4055
-3528
-4493
-1725
2853
-3358
-4784
3716
723
991
-3551
-1981
-3435
-1118
-1521
2246
-1965
4563
-2596
1977
-3927
3111
-1228
631
-69
381
2190
-1531
-1834
503
690
1819
-4350
-669
2933
1936
1412
-2923
-2752
3761
4191
-4460
4751
-4835
4650
-2770
2917
-720
3725
-8
-3668
4858
1109
613
-3574
4891
-3593
274
2815
1486
2897
1020
-2101
-2273
-2148
607
-3972
442
-4754
4653
69
-1838
2939
4583
-1797
986
4988
3482
3497
-2045
4824
4169
499
1651
-4370
1986
1751
3246
-43
-576
4655
-4908
-3749
-4611
4963
-2681
4729
-2846
4748
2135
-3097
-2804
-4380
2571
-4420
-3428
2056
-386
-4418
-4628
-385
-3964
2632
2553
3828
-2568
-3590
-2047
63
4436
-2343
3290
4883
3979
-1561
-3667
4256
-3690
1613
2701
3608
2761
3029
4200
-49
4433
-1819
-1319
-2725
-1875
-3355
-4153
139
-1466
4450
-4755
1748
-2819
-965
-169
-2569
-4897
-216
-378
-4402
-3689
3466
2560
-2619
-3488
-2467
-3641
-4491
-427
-2501
-316
3643
3816
-1350
4848
2456
1083
3685
-497
-2798
2110
-4807
9
919
-1259
3461
-3482
3969
-4331
-523
-3915
-3259
-1524
3432
-86
582
-3254
-2052
-4446
-1642
4207
4156
3428
-1027
3490
528
2037
1170
3852
370
2904
3142
-3185
-2479
-1232
-2864
886
1278
-4508
-2365
4474
580
2302
-3029
-3059
-1883
-913
3270
2695
303
2419
-1232
507
285
-2884
-3401
4422
-4007
-1970
-739
3667
-3488
-3850
-1220
-2995
-2546
2103
4996
194
840
-4973
4799
2961
-4135
3507
949
-2288
2356
83
-261
-4788
1640
1917
-3209
317
-2079
-80
-4513
-1259
-2661
-3523
4863
-3226
-2286
-4371
4024
-2163
-1499
-3598
-618
-1681
2105
-2407
2138
-50
-1975
-3143
-1514
1943
3290
-277
-600
396
109
-235
2317
-2135
3198
1573
-489
4485
-4230
3494
-2583
3319
2845
2610
2383
-1902
457
-2875
-4934
3599
-4190
2713
-1991
4246
-4489
-3341
787
-3416
-5
-1526
-607
-117
161
1151
1577
2931
3526
-3235
-3643
2410
1496
1518
-2335
-2628
-4123
-1576
3347
-4895
4830
2963
-922
-585
-3990
999
1614
1868
-2377
3062
3152
4565
1099
-3197
1130
-3442
1769
4782
1645
3679
926
-2018
4171
-2730
-3429
-4359
283
1047
1086
-861
-1318
4989
-2359
704
-3413
-4997
-3996
4008
2479
2436
-4739
-4794
3952
3923
3022
3564
1911
-472
3335
-1449
-4947
-2800
-4918
-469
-1505
2944
-1930
1675
4650
2941
2491
3175
1990
-486
733
-3726
-4080
431
2211
670
2303
179
-1778
1479
4535
1750
4311
-1639
2364
-4530
-2447
-1234
654
-2036
-162
-2568
-221
3897
3198
-473
-2541
1490
-4159
-1592
-2275
-4291
2222
3899
3558
-2441
-1380
1439
2529
2332
2749
-4004
4458
3426
-3861
-1220
-3875
1939
3914
4646
1748
-4139
3886
2265
-579
503
-4443
66
745
2634
-4220
4106
641
-4454
-896
-2193
-92
1511
4707
1710
-3813
-4188
3743
-519
4125
4107
654
1610
-4530
-3765
4039
1796
3298
2032
2189
-1310
2608
-242
641
0
-4719
-2999
-4568
-4126
3880
-1565
888
3812
-4821
-925
4876
254
3552
4798
-2778
1780
-77
-4635
-4508
-1208
-3645
-4837
-4581
940
-4531
769
-4752
-1000
-1137
-1104
4374
-1516
-1425
1395
-591
3667
-748
2958
2553
716
4274
-498
-4166
-2250
2083
3071
-3368
-3809
1361
4084
736
3833
352
-3177
-950
4817
4360
-1747
-2661
-4898
-1536
4548
-1962
-2845
-1770
-2901
-1582
112
747
2223
2183
-4741
-3877
-4242
-862
3143
314
3610
-2488
718
1642
-1604
1095
257
-4007
2353
-1000
-728
-1753
4534
705
4408
1142
-757
-1849
2832
4378
-4937
816
1903
-4353
2105
-2889
-4057
394
-3595
3560
118
344
1059
-1285
-4265
2818
-4128
-2179
-2316
-2046
3359
3162
-1019
1024
3424
-2216
-1126
-4875
4283
1772
0
3952
-1030
-1537
2308
-1130
-4992
139
3218
420
649
736
4920
1713
-305
2932
-1316
-2657
-4074
1254
-1818
4704
229
2291
-741
-4396
4689
1266
648
4000
-2616
-3238
1367
2139
-1161
3299
-3119
3155
1912
-1255
4784
-3811
-1396
-307
752
232
-3039
3767
-4111
-4174
0
-538
-3397
2101
-3994
3879
-4097
-4518
4012
-508
-2906
-675
325
-3341
-2615
4736
-1261
1744
4763
1530
-4649
837
903
4504
131
2085
-111
-2749
-3842
3064
-228
-558
-3085
4928
2136
-3466
3990
-149
1365
1779
4453
-2207
-152
3759
-3338
4845
1961
3219
3266
-2887
471
1038
-4738
1601
3177
4617
2546
2522
482
2933
1993
1948
-2369
-527
-2237
-3735
1952
3879
-870
-1982
1536
-4378
4863
1519
2307
2778
-432
3579
-2868
3415
969
4451
-1432
629
4019
-1197
394
2917
541
561
-4348
914
-250
-1403
-4162
-381
1365
1621
-4746
-3763
-635
-3456
-187
2357
2368
-2160
1962
-2270
4326
-2398
4869
2305
2762
-1214
-3998
-3342
-2151
-17
-2977
-2448
392
1437
-4468
2510
154
-2150
-3457
4637
3051
2648
2944
-1046
-4645
409
3656
4868
-4550
57
4945
-3477
828
-4683
-2151
-636
-1766
-4199
-3367
1609
261
1751
3356
4941
-793
2100
4175
-1475
2312
4828
1540
-4750
233
2870
4162
1907
-4303
-1950
1948
1320
290
-2962
-116
2137
1671
2904
-4532
-3020
1532
2286
3169
4078
-966
-2527
3717
-3903
-4370
-1304
-4129
2499
-3996
401
545
-1417
485
2018
-3442
3773
-3254
-2
3094
228
3116
-2013
-625
-2176
378
-1409
-1055
-121
4198
4531
-2225
2917
-2899
4208
-979
367
-768
3006
-2702
-1148
4883
-276
-4309
-1488
-1838
2065
-3847
3130
4411
529
4857
-35
-4196
-4133
-1809
3652
-4086
-2849
-4802
2798
1227
-1731
2917
1698
-1119
4392
-4359
-3716
547
330
-1061
4228
-2055
1793
3126
-4944
836
3815
1048
2816
-393
-4225
-4246
3831
2902
4395
-3730
809
-4310
907
-3852
4352
4078
1024
4281
-2663
1194
-2274
-3268
-2997
-3047
-3681
4222
-1673
3801
2901
-1866
-773
-4786
-3992
-2
1793
2035
-2451
4669
-3275
1086
-1721
-3438
-3693
2975
-4441
-4822
-1682
2325
-2929
4174
2686
2589
2389
-1892
273
1912
1619
2528
-3006
1463
3802
1950
1510
-2667
1463
-1377
3107
3970
110
3782
4683
-1848
-397
1422
-4681
1852
3464
2402
-2529
4130
-4369
-4072
-363
1709
4577
3866
-1727
-4286
1800
3427
2087
2040
4567
2915
3909
-4930
-4391
-1409
-1592
2376
-4778
3240
1550
4440
2178
3862
391
2117
-2048
-2784
-1643
-981
-1979
-1205
-2862
2190
70
-3555
-1536
-4324
4291
1277
-1797
591
3949
-2439
1979
1147
1234
786
-3194
-726
-4310
-3304
-4318
2977
2858
3582
2888
-161
-4763
618
4276
2994
-4670
-2389
-1223
4837
3305
-2505
-4751
-2022
471
-848
-4894
-1104
914
3331
-2275
2241
-4378
4285
2047
-4165
-4579
-1671
-3382
-2663
-131
682
1182
1501
-885
-1694
-2799
-3924
-4931
1885
1630
3622
4829
3053
1577
3536
-4294
-2270
-4623
-4320
-951
-1594
3422
3988
-1624
1890
2137
-2560
-2157
-4672
1659
-4366
4592
4159
2014
1107
548
3692
3423
-3347
3864
-1164
-1675
2611
-3865
1426
2428
-3662
-3570
4326
-3174
4098
-3354
3285
2658
3848
-2834
-2985
247
3404
-3616
225
2536
-463
4822
3487
490
-890
-890
-1138
-3613
-807
-183
-2381
-1390
3891
3945
-4628
3645
404
3288
-2991
-942
-3317
-1266
-1467
-529
-943
-3142
-993
4157
-1389
601
1136
-3546
3755
533
-416
2311
-4070
1188
2730
-527
3364
226
-2368
-1398
1943
2697
-4900
-176
-4439
-4084
629
462
254
4899
1450
-585
-397
-719
-1250
1710
3338
593
224
4520
2546
1247
-4795
2746
-1631
-1837
-12
3388
-3615
727
-370
479
-27
122
2057
3210
-4505
1886
2392
3808
991
-3765
2680
-1394
2770
966
1896
208
-4892
1789
-3578
-4509
-3285
-4215
3778
661
4274
1350
-1118
-2967
-4026
4270
114
-138
-2847
-1679
-251
2335
4608
1889
1356
1341
-3101
-1926
-142
-4359
4465
3279
610
-1018
4150
-225
-2811
426
3850
4567
1324
-2579
-2754
2449
-106
1211
3813
4329
4062
-12
1453
4288
-4523
-1854
-1078
-2678
-4537
-1526
-4291
82
-1508
-1221
3878
-2178
-2594
2516
-3709
-3683
3714
-2622
-1773
-3828
-4955
-1865
3259
4280
-2140
-538
436
2429
-3784
859
-4704
-419
4524
-936
-1385
3981
732
2505
-1582
2153
-3764
-4935
1395
2472
-4382
3790
-2305
-806
-3087
511
313
-18
4067
2357
3805
3503
274
2559
-2891
-1858
-1869
4256
3947
4844
3359
-4028
12
990
-129
-4640
-1739
3059
-2908
2006
-2979
-3791
321
-888
-3905
395
1461
-4396
3234
-3153
4008
-2979
806
-1909
2786
3898
2654
-3904
-4462
1016
516
1711
-4574
-3605
29
-2400
-1531
-4191
3563
-2398
-3687
-2457
-2407
3756
-4241
1542
-602
2722
-1261
-1771
4241
-1580
-4278
-3758
-979
-3216
-40
-630
-1791
-1833
-3108
-4891
2623
-1364
3112
-2336
2078
-3831
3296
3138
4135
-628
-178
-128
4489
-3681
528
1900
665
-1595
3343
4663
-3207
3696
1388
519
2083
-4816
-4071
-1868
-3885
918
450
1757
2143
-1322
3254
-856
2419
3003
4550
4758
4253
2804
-1208
3668
3666
4700
-4392
-3266
-2245
-1177
4860
1822
2239
1513
-3469
3762
3214
1953
-1463
-260
-3384
3634
3497
1394
-664
4738
3408
-4666
800
-2853
-615
4320
2018
-4562
-309
2647
-4632
2296
1099
224
416
-3763
4031
-67
-3432
129
465
3350
-2190
2582
1500
-4300
-3084
-4753
1862
-2198
4510
1474
-231
-81
-4807
2572
207
-4330
-4839
4895
426
-657
4398
1415
3102
-4378
2733
-3366
3356
3288
-2298
-2515
-4757
726
-2958
2323
997
-3421
1706
912
3323
2903
-1209
-2756
-4138
1510
-1071
-2636
1548
1755
3366
1578
-4518
4861
-54
3804
-4476
2644
-4155
-1774
2086
-731
-242
-1583
-1434
-376
642
2236
-663
1755
4160
-3333
1454
-625
-2300
964
4763
-3312
3822
-4635
-1006
450
1502
3267
-833
-4137
1503
-2532
-3247
-4786
-2083
121
-1630
4501
2308
-160
-2107
-721
-3898
-4794
-1413
-4576
-1479
1842
-3950
-75
-4261
-2772
-2501
-1488
3794
-588
3062
3329
-635
-2673
-4164
705
-256
4859
-1575
-376
-3992
-4172
4836
1054
2012
2896
-4180
3519
-1997
-2220
3041
919
-2376
2266
219
-1972
-2577
1642
395
315
-3613
4325
-2179
-3125
-4019
3040
1062
-978
-1901
-4531
4592
4118
3563
454
-1377
-1996
-3318
-4109
-1585
-1509
3757
-2357
700
3971
2835
3110
-3922
3578
-683
-2639
-1281
-3963
179
-4053
-950
4884
1373
3196
2481
-4925
-726
4518
2859
4300
4264
979
3096
330
-3823
3134
-590
1673
2183
3006
2787
-3127
924
636
3325
-4734
3936
773
2794
305
1031
891
2560
480
-3482
3223
-4768
3715
-358
4969
4156
-1105
-378
224
-4237
-1403
199
1860
-1702
-3188
2149
4112
3080
-995
536
-3586
4670
-104
180
-661
4065
-4941
-3997
4217
-4299
-4205
654
-429
-216
-957
-3992
4827
-4439
1585
4934
3888
-3069
-1336
-609
3419
4154
-2552
396
-1448
-3776
4610
1947
-3327
-2220
-4401
102
-1434
-840
4161
-2021
-2311
3613
1137
-392
3766
4349
-538
-1658
-3184
3253
-1513
-322
-2361
109
-4984
-3012
-3115
-1915
-1871
4015
-4153
1406
-4947
-4535
2361
4899
-4371
-502
-614
-2574
-4644
675
-1201
3130
-2642
-295
-653
-4782
3537
1257
3340
-4876
1702
-894
-23
-508
-3303
-2701
4231
3985
-3909
4818
-3197
1223
4673
-394
4458
63
3349
2130
2780
2948
4010
2463
-4226
3330
-4994
2580
3663
620
-4104
501
3827
2586
-3136
2149
4331
14
4286
265
4405
3441
-1254
122
-577
511
1251
-3034
-2953
2908
-437
1428
1150
-911
-4177
-1997
652
2775
-2507
158
-2163
-1025
-2418
1021
1000
4603
-774
-4181
-3200
-2691
3947
-2560
-1981
1658
3522
-2694
1343
-4102
3590
-259
2117
-4386
4819
4868
2486
-2610
-1266
-2382
-2613
-2945
-713
1482
2657
-4738
-3545
-4537
-2224
236
-599
3337
2316
2949
4277
2989
-2828
3886
-1081
-2505
3432
-3861
62
1311
-1400
2794
-1615
4885
-616
4655
-3476
-2686
1679
-4275
-4584
4172
-1953
1662
-2552
-4010
-1633
-1313
-4257
4162
-4493
-4053
-4112
4468
-2099
-1597
4269
3012
-2803
-3178
753
-2657
-3468
-893
-375
-1045
1798
1560
-3940
2885
-2274
-2219
-4948
-4839
2923
-2750
2053
4781
3784
-3894
-894
459
3626
4931
-113
2137
4930
-2021
-4696
-1450
-3934
4097
-2271
3907
173
-3012
639
-3925
-2634
1212
4483
-4512
2906
1947
-889
1332
-3942
1152
-575
-2142
3441
-4576
-236
-4537
532
-1519
3814
4415
-1897
1804
1133
-368
1292
878
-142
-3955
-106
3996
1991
4296
-900
-1584
980
-1272
3176
-2748
3821
4978
2607
1914
-2464
3927
-4516
4581
-3413
-774
-4555
-216
-3526
-708
1247
233
3374
3974
-4498
-622
-1543
-3934
-748
260
-987
-4393
-2998
-1113
260
4367
-84
3139
2770
102
-929
1284
-3801
-735
3358
2510
2154
2617
994
269
3743
-2845
-1056
4582
-3296
3789
3580
-2944
3017
4054
11
-1735
-4339
1739
-1994
-2714
615
-438
-2390
-4853
-485
-1995
-1620
3267
2586
3156
-4309
-1091
-12
1399
3326
-557
-3896
3223
-2388
-3768
743
2744
2010
4301
1287
-18
-354
976
-2941
1096
-3821
-3855
4624
4605
-794
-2574
-3094
2897
4364
-2293
-3956
2884
-4074
-104
575
3160
-3203
1007
-3782
-3874
-4552
3345
-2313
-2485
1085
3773
4023
-68
3155
4859
667
4723
-635
1852
-1901
-3348
-4861
-821
-444
321
1747
-4624
2706
-2475
-3771
273
2190
-1215
2739
3285
1864
-2294
-2505
-2153
3301
-1413
1927
1347
-373
-1740
-1844
3280
1418
-257
-4719
1402
2485
3146
-906
4043
-498
2070
-3533
-3355
1967
3179
-630
-1154
4036
2310
-1787
-4071
4327
-80
1455
1901
-3645
3756
31
-204
-3014
4940
3486
1954
1010
-3567
3098
2688
1978
-2547
-813
-124
1354
-666
-3870
-1729
184
-4070
1242
-1406
-1081
-1974
-4938
3774
-2310
-3260
-1374
999
-3289
2769
774
-4172
-4522
-4809
-2563
-2523
3064
4524
1780
961
-4139
4312
605
-2037
-2995
4101
-2061
2561
2592
22
-1480
4481
3626
-1327
1915
1432
1686
3834
-2651
73
-1549
-2626
2530
-2970
1428
3353
3132
-1139
2304
2324
-1629
2482
-1734
4798
3418
613
-1124
-2042
-1349
-624
-4036
114
-3862
3296
2369
-4529
-1882
445
-3602
678
-3828
2695
-2116
-3033
-3786
-401
791
-955
-3743
3087
3247
2238
2220
-249
-4018
-3611
-2500
-1707
9
-835
1068
-3136
-4976
-428
4498
-3343
3471
3705
-4787
2703
3223
4092
458
-3050
-4345
-223
1478
1378
-2669
-3375
4382
-930
-3305
3693
-1790
3107
-4683
2655
4392
3279
-2694
639
-1908
-2396
-2161
4718
21
-4886
1946
-4317
4931
2787
-2315
1376
-459
1560
-2506
-4944
3943
149
1630
2463
-280
-1651
1966
2470
2281
2027
2674
2657
-4671
1079
-2991
-4609
478
4690
1197
-4875
23
-2834
597
-4400
4733
220
394
-3243
1903
-2125
1663
3510
-4580
-2646
-775
-1772
1586
2434
566
-2564
-3098
4547
4058
3487
2557
4722
-1260
177
2151
-1637
-1265
3518
-1781
-2255
1604
-2812
685
-1249
-259
3793
-3555
4810
4213
-4902
-231
-2107
-1349
4692
-3246
512
4788
1923
3292
-1602
4640
749
-1298
1282
965
2010
-4294
-3626
-4728
-181
919
2311
-4181
-3085
-231
-800
2848
-2570
-2942
-4943
939
3293
-4734
-997
1301
-349
-358
4635
1277
1440
79
-1743
89
4895
-4215
2349
-2278
2877
3579
-523
-3267
4001
-2515
-3116
2414
-1789
-2236
3106
2728
2970
3412
-3860
-1081
4837
-916
736
-3266
4741
-1489
808
1395
3446
-3181
-3408
2424
2793
-3246
2005
4886
2735
-2482
-4883
-2782
3892
-4046
4637
-3631
2997
83
1578
-2648
2799
-4955
847
267
-4858
-2662
1752
615
1646
-2155
-2455
-2484
-3830
301
1567
-2366
-3905
4893
-2064
524
4483
-744
-3743
586
3672
-599
-4412
2536
1551
-4519
476
3156
2858
3434
-4657
2653
2691
-4640
-3162
-2713
1794
1328
1156
3275
4895
-3344
305
-4886
-1644
-2355
3698
2914
734
428
-666
2970
3680
-3480
1103
4023
2372
1898
1739
337
-3249
-1689
175
3920
-1712
-2685
1503
2144
-1723
67
-4084
-2957
-1767
-3744
154
-1131
-914
887
3165
-1013
2563
1806
4656
-4795
-2734
4705
545
3507
-3271
-358
-3540
947
2418
-2641
2610
1704
-351
3206
998
1462
186
2355
4485
-502
-3667
2530
2607
535
1007
-497
2502
2331
-4410
834
-3262
-160
-4704
-1703
2862
-4914
-3951
3054
-3197
-2291
-3545
296
-4354
-264
4363
4285
-1695
-2546
1063
4084
4163
-3021
3790
-1720
-3020
-4893
-2099
2185
-4750
-3914
-4788
4957
3569
-1938
-3232
-2428
1962
4733
-2496
4105
4259
2932
-2782
-1100
-25
4678
-2494
2332
4657
2524
4350
-4710
-262
-2815
721
-680
-547
4717
1194
-2311
4932
4575
1992
-4990
273
3908
-1852
-2650
-3798
-2492
-3909
-2817
1345
-4437
3943
1432
-4545
1525
-743
3688
-19
1587
2021
-888
-1473
666
-2407
326
-707
-166
-293
-782
-4753
4300
671
-187
-4651
2037
3154
2706
-4688
1607
3141
3109
-4143
-969
-887
-4984
-4453
-583
820
3380
455
2647
-4386
-4876
4837
3697
-1653
-1052
-631
3918
1924
4729
-1143
16
276
-933
-1390
-858
-3204
-2867
1442
3643
387
-3906
4102
3707
1310
-3257
-3344
-2090
4120
4132
2212
-2803
2334
1424
-3505
-3862
3626
1896
-619
-1924
-3175
-2878
3622
-3345
1499
151
1692
4458
2695
-437
-3309
882
1400
1822
1285
4748
-1272
986
-1327
3648
-3976
-4532
-4057
761
-1031
160
-2845
-1208
4874
-4938
-3916
3081
-1938
4945
2840
-2851
585
-2179
2966
3782
-2761
-752
-2537
2833
-599
-1527
3569
2670
1293
3669
4898
-3445
-2712
-543
3045
-386
-893
2762
1732
1153
2320
-992
1643
-4280
-1289
-3367
-2331
-4850
2369
-430
-1323
1773
-2992
-497
-4558
-4803
1625
-316
3520
-1645
2495
-84
-4953
4667
-3027
3846
1730
-4239
1696
2240
2903
4184
-1585
4044
-3602
-195
-1704
-1089
703
-4458
1592
3880
-1524
3172
1414
-3266
664
-4952
60
-4014
2883
-3662
3475
2435
4932
244
1578
1840
-3438
-1787
324
-3032
-3730
-2863
-4149
-4755
-1312
1646
388
3191
-148
-1911
-2991
4149
-1871
2303
-708
895
4990
-1608
-4089
1831
-4079
1565
-1283
-3203
46
-1830
1412
209
-3928
-305
4658
-1180
239
-2480
3993
-3065
-2666
-3604
-3743
-4683
-1905
507
128
4685
4726
-2975
-2808
3943
-4217
-4705
1501
-793
-868
792
-4255
1103
-3241
-3423
-1026
1215
4744
4242
1664
4680
-3684
-4903
-244
-4513
2115
3470
1665
2365
-3892
-608
2282
-4110
-4577
-2802
-4740
-2855
-2714
2803
-4222
2375
-2935
-4296
-861
-1923
2021
2461
109
3934
3080
1987
-896
-518
2363
-1776
-4855
-4088
-2276
-2587
-1095
-4510
-1929
2332
786
-1174
3409
427
1998
-3749
4913
-3626
-2741
954
-68
-2175
-2265
-1285
-2981
-4126
-252
-1680
2026
4021
2344
-1860
-1025
-1319
4643
-2154
3141
-392
3742
-2871
469
580
-4803
840
1728
-4980
3088
2815
4523
-3602
3404
484
-1752
694
-4928
3901
-2547
-3595
-2153
1515
-1805
-147
4378
787
1516
-4808
-3441
-2914
706
1785
-1470
1542
297
-742
-2626
4097
-4720
2932
4503
1626
-4439
-3123
-1753
-422
98
-3460
-1308
278
-337
3640
731
-414
4390
-2354
-3541
-3101
-121
977
4224
-782
-2090
3196
-2454
-1235
-4682
-3629
1513
1655
-4604
-1832
3336
-304
2701
-2695
115
3599
-803
1158
-4746
-501
3365
-1840
-3725
3273
-2728
4349
4655
960
-3406
-2840
1146
-248
1718
2182
2954
4609
-4254
2995
1635
1856
-4015
-1317
1957
-2300
-4867
357
-1471
-1417
-3602
-2247
1801
-32
4708
-2543
-1853
2005
-3315
1310
650
-2979
-4621
-3310
-3038
-956
-1819
570
1222
2311
-400
-1505
-17
2959
4266
226
3555
-3364
-4837
1012
1207
-1962
-1655
3576
4738
-1688
-3938
4960
1184
25
-1528
2612
2128
-4385
-3731
1281
-2789
-2632
120
-2931
4769
3875
-2267
2585
-766
-263
2948
-3616
1941
1514
1757
-2148
-1639
2689
1457
3768
4821
-2999
-3047
463
-4178
3497
-98
-3117
1861
-2198
-4348
-182
-4070
-4262
1987
-285
-2415
-711
1715
406
-1681
321
-4765
-1318
-4559
-1613
-2954
1184
-3735
4987
-1524
-1188
4583
-203
2664
3668
4480
1609
2227
-2512
-3491
2514
-1572
-1039
-2654
-2323
1721
-3505
4313
-1603
2079
-2725
3002
3243
2219
3011
-2246
2058
-2229
4292
846
1977
3979
-807
-2006
-2047
-609
1825
-2870
-1346
314
-3937
2235
2795
473
-4101
3223
-4074
-4672
2326
2492
-2318
-3970
1034
72
-805
2031
-1312
-1565
-1931
3342
3275
-2311
-4371
2469
-798
-1085
-3871
-4685
491
-3072
-21
4952
4435
-4555
-72
-3120
-3734
1070
2807
3977
-4037
-4689
-163
-4621
3961
-1955
2982
-2012
-4268
-2478
2662
597
1083
3152
-3875
-1876
652
2853
-3784
-4490
4743
-4969
-2716
1281
-928
-3187
-834
499
-1325
-2006
3638
3707
-4030
-2233
2834
-3342
506
-2981
2079
-2579
308
-231
-4862
3410
-2825
7
-1044
-4635
202
2790
-1812
3598
-153
67
-2338
-2808
3788
4905
-1247
-88
1579
960
279
4936
-543
-442
-3883
-3009
-1757
-488
1738
-497
4612
462
-2755
1707
-3901
2288
-2321
-797
-575
201
-209
-1827
641
2199
-724
562
2392
-3269
-267
402
-4892
-2845
-4164
-2588
681
1393
-3446
1199
-3466
3272
1164
4702
-3193
-2941
3322
-77
4403
4818
1432
3691
2949
3793
2326
569
-3288
3607
2674
-846
-4165
-3048
1757
-2939
4180
4407
-485
-2443
2432
-3732
-3212
3716
-2663
2238
-2825
-4883
-4591
1469
1823
2030
-21
-1858
-2835
-4303
-2423
-3852
-140
3749
-2897
1927
4964
1246
3878
-3148
-449
85
2109
4417
1671
413
3754
-1381
2536
-3660
2911
430
1778
-975
1015
-768
-3234
1552
-2833
-1718
-2431
3000
3137
-988
-3713
-3002
12
-3668
-249
679
-496
67
-1667
311
2789
-4780
2789
1297
3019
4930
-3254
-1919
2955
1277
3438
-3570
3293
-800
2460
1790
1459
1898
-4519
-4043
1474
-1738
3113
-1778
241
4682
3582
-60
2314
3497
-1173
-4003
-2162
-1771
-4761
-780
-1707
3029
941
-1983
-2285
-130
513
4231
-1850
3777
-212
91
2795
-2111
3176
1724
-3648
4815
2391
-782
-4012
-4668
3437
-2345
1963
1450
2991
-4611
-3090
2615
851
2843
-465
2839
-2921
-568
-2198
-283
4733
-1246
-778
4246
1428
1386
-2613
83
-3758
-2544
2446
3441
2141
-2265
1752
-114
-3607
469
-1179
2137
4987
522
263
-1953
317
3610
1595
4062
4698
-3048
1747
2423
-2215
-4816
1299
3013
1206
4017
1911
-1883
-4949
-2170
-4879
2001
3391
4256
-3071
604
197
2050
-4516
-1652
2757
-2376
3551
1935
2999
468
4461
-2932
1419
-3258
2164
104
-3002
-216
-1810
3633
-313
3059
-3773
1162
-2712
722
-1524
-4125
2288
-4415
402
3348
-3035
-4351
117
1414
-4354
3355
-2423
-4018
4935
3662
-22
-4681
-4098
-2073
-1312
-1158
-3158
1836
1469
-2243
1323
277
1988
4438
3356
3559
1476
106
2069
446
4593
4231
-3971
4615
-2076
-1590
-4403
-4121
2152
877
2640
-2597
2838
993
-4906
-4818
2235
-3228
-4936
-1760
4724
-2834
-2426
-2759
2604
2222
-2437
2298
-1428
-3252
226
4587
-975
2763
2482
-3545
3516
-3699
3317
833
-2366
-3342
646
3249
1828
3903
4889
-1906
-2071
1303
-4556
3386
2198
-935
2667
3189
1808
-3659
3946
3902
3129
2620
2571
-211
-2874
451
2295
390
2353
2019
-2935
3883
2314
-2431
1070
-4686
760
-1787
-2231
3453
-1602
4633
-205
4364
-3400
112
863
-4901
2628
-3424
-2260
-439
-194
4029
-77
-4105
-4876
-2220
-1456
-3432
248
-4159
3854
2779
4788
1629
-1077
-2990
-345
-4857
219
-4753
4798
-3362
1160
-2182
478
-4520
-250
4401
493
322
805
1405
1504
277
2639
4988
3359
3009
3266
-4880
-4283
-2823
424
-364
1364
2138
-671
-2266
-3451
1721
3474
-2410
1852
-2200
3431
3081
282
-3227
2468
-3286
-3379
4032
-1079
-1794
1746
3046
340
3186
-309
2862
1360
-4876
395
-1056
282
3658
-739
2813
-4107
-3390
-2331
-2721
-4076
3480
-1138
4125
404
-4003
3187
-2453
-2148
-3542
-1623
3916
4797
-15
-3911
3637
2307
2684
-212
3408
126
-3899
3935
1769
-4886
1265
1205
4857
4745
-3814
124
-4004
-3037
-4345
3783
3841
-4156
-3670
1051
-418
-4268
-906
-90
317
-4092
-4758
-3735
807
-3261
-1281
2342
3643
3552
3082
1684
-2406
3066
3950
3103
-1261
563
-463
-4339
838
-4796
-4007
-1316
-3913
-4438
-1437
-1914
-4063
-2562
-4608
566
4981
1442
-3843
-299
-34
-282
4077
221
1025
2235
2309
-3153
-538
591
4611
1359
477
-1737
2732
3293
3536
4619
-1231
2863
4227
3466
-3715
265
-4550
-289
1582
-3569
2824
-3093
-4403
-2687
287
-4254
284
-4395
-1096
2642
-1253
3539
-1872
4813
1366
-4967
-4658
2199
-3761
2047
4205
1259
4339
-1707
-1686
313
908
-3464
-1268
-2534
-1181
-4957
-2454
-1212
-737
-4398
4925
2584
1870
-2590
4948
-2583
-3873
-2971
-4450
2023
4554
3041
-1928
-1783
2509
2712
-414
-1958
3043
-2814
3120
-1686
323
-4570
2906
3477
3939
2296
912
-2320
582
796
1982
-4225
-919
1880
2408
-1324
-4986
-3240
-3742
-4925
-2429
-3669
1199
-3151
-1957
-4069
-716
4570
4934
-3526
-2921
-1423
-2697
-984
425
3394
-4110
1696
-1538
1603
-4664
-2702
-2363
1242
2720
-68
3208
-1304
1652
-3439
-2622
-2285
-1931
-1381
-3625
-511
-4724
-3411
501
-4976
670
-4639
581
2386
2427
4817
-4194
4038
1684
273
4422
-574
790
4409
-923
1084
-2441
4960
-4247
4536
-4228
3043
2880
1468
-3243
-3306
3797
-1697
-1179
1025
-1926
-1617
-4463
3308
-4962
-2798
1349
-4795
-2613
4197
-1971
3198
-2354
2832
2807
1124
-3100
-774
1411
1049
2798
-3592
1891
-1517
2017
-1487
2789
-722
1805
46
1658
3116
1239
4013
34
1213
-1404
-668
-842
-2535
-3115
-238
-3054
-2118
1210
-2543
4621
-4441
-4588
2264
2758
-2949
-3380
-4611
-435
1893
921
-4648
-3109
-3592
241
-4494
4734
4130
-3488
-4068
-59
2089
4526
4844
2869
-3263
-1312
-2398
-4698
-2389
3037
4202
77
568
1723
1802
-3114
2955
3429
-3238
-4755
924
-548
-237
-4470
888
1032
976
-777
2518
-4456
3265
-562
3045
3405
-145
3700
-3072
3168
4714
1981
-1708
1131
-2739
3002
1272
-4821
4819
-4970
-2469
624
4467
520
-3444
2974
-1577
2821
4034
-4653
-3717
-3226
-68
37
448
-78
2291
-2825
-816
2888
-1845
-2968
-2005
1675
-1608
4425
1264
217
-2962
2073
-4472
4730
-1728
-2385
-4227
1826
3082
4786
1592
-973
-1093
-2824
-2441
-3102
-3511
-2966
781
-4477
-3480
-1248
4259
-2700
-554
3230
1068
-2748
-4355
-950
4183
-2146
-3828
825
-1219
1446
847
-3082
-246
190
-4534
2670
-727
2997
4997
1466
2920
4221
4017
-1558
2443
4455
-3047
4443
-1428
4109
-1213
-2235
4416
-436
-2122
-3421
2180
4957
-3050
-4177
-4906
430
714
-231
2352
-1071
239
-4044
-16
-1360
2421
2446
1123
2876
3015
4842
-2961
577
-4248
4636
-2208
-3913
4921
3488
3514
-4984
-2217
2407
3885
-3127
4081
111
871
4454
-1961
-1779
-1117
-3345
-2
4138
1807
3449
2848
2872
3131
3474
-3216
-385
-339
789
171
-8
130
-394
1882
676
3935
4218
52
3146
-3531
4854
2432
2141
115
4499
-2536
-2698
4069
2011
1562
4114
-2053
-4493
1816
-4790
2884
3556
-3441
-2517
2297
-1817
4356
1442
550
2445
-246
1878
787
1928
-2959
4289
-4255
-774
3368
-516
-3121
4408
-2589
3655
-2356
1834
-3209
-3854
919
3634
2386
4698
-4301
-3018
4633
-2973
-170
-1812
-1927
3806
1456
529
4654
1784
-3111
-1803
2210
-4881
2787
3223
1181
2146
2847
393
-1046
4244
2059
4687
-2117
-3188
3001
-3174
-2653
-1076
3979
3275
1185
-4277
-742
3302
4716
-3135
-2651
949
-4134
431
-4586
2565
-2501
-4471
-271
-3247
-574
-3519
2007
-3606
2339
4241
-4233
-1232
3687
-4859
1795
-4113
4637
-3550
-4032
4840
4764
-1865
3383
-117
2723
47
1368
-674
193
2367
2079
3117
1312
-1550
-2257
-3634
-69
3183
458
-3137
-4223
2275
1314
3295
3090
3857
1930
-107
1334
3859
-1706
2369
-3779
-4437
-511
-2963
-2783
1866
1214
-1136
-2761
-4628
-2794
3039
1253
-4993
-2161
3248
-1811
-3186
4125
-2708
119
3918
-2750
-3840
-4242
3924
-2590
-2447
-2800
-880
1426
3657
2777
-1845
-210
-414
-4135
-3368
3433
222
3793
-134
3823
417
2062
-2014
-857
4732
-340
4003
-2732
406
